0.937549
0.735186
0.640059
1.0139
1.07226
1.08535
0.873011
1.11888
0.818012
1.50804
1.51455
0.698052
0.582194
0.894025
0.45617
1.01138
0.866739
1.09186
0.664445
0.790102
1.1861
0.805662
0.844396
1.00271
0.646084
1.55836
1.92756
0.615732
1.55007
0.734076
0.829499
1.41186
1.25172
1.20124
0.80334
0.567889
0.996402
1.1371
0.86841
0.634773
1.00079
0.520467
0.850045
0.820262
1.32436
0.886339
0.653327
0.759532
0.792814
1.46311
0.802511
1.10557
1.94732
1.33859
1.03735
0.748613
1.41799
2.15088
1.42174
0.627452
1.31272
0.994664
0.676985
0.724616
0.985236
0.915394
1.74443
1.43501
1.08748
0.825279
0.857845
0.76326
1.07125
0.65234
1.30575
0.720405
1.10549
1.58012
0.615456
1.09489
0.90629
1.71165
0.965545
0.883197
1.17094
1.26021
0.957487
1.14642
0.853283
0.974004
1.0456
1.04381
0.989082
1.02936
0.800922
0.736631
1.14243
0.58014
0.933449
0.659649
1.1521
0.871797
0.81364
1.10247
1.10153
0.970268
0.923197
0.735504
1.12864
1.32003
0.735231
1.12757
1.14468
0.957335
1.67931
0.745273
1.0287
1.08836
1.35352
0.963271
1.02372
0.854851
0.825426
0.860986
0.802123
1.0945
0.830421
1.23435
0.675535
0.998064
3.33693
0.92302
0.997738
1.09762
0.955564
1.5256
1.135
1.40141
1.28361
1.13199
1.34693
1.36764
1.06041
0.738335
0.915249
0.917909
1.01597
0.661902
1.95871
0.630796
0.787611
1.07931
1.00881
0.921219
1.18076
0.916499
1.21367
0.774429
0.715784
1.46264
1.06681
1.18188
1.15182
1.0472
1.23436
0.606771
1.61436
0.950456
1.0585
0.634211
0.948522
0.633337
0.812844
1.43042
0.846234
0.899508
0.817235
1.18201
0.576932
0.696189
0.820971
0.5028
1.05579
1.05481
0.618563
0.891252
0.647136
1.64601
0.741593
0.591539
1.16397
1.15891
1.03848
1.09547
1.24337
0.695805
0.909835
0.45348
1.56641
1.44918
1.41613
1.00422
1.27254
0.668893
1.19508
1.66671
0.611953
0.871876
1.0254
1.45974
0.804833
1.30836
0.9708
0.585762
1.16485
1.26004
1.01644
0.487039
0.581513
0.787854
1.3034
0.903296
0.698176
1.02317
1.01419
1.31459
1.01508
0.899717
1.45451
1.15728
0.800509
1.30275
0.952629
0.569428
0.664421
0.591206
0.669566
0.854224
1.40195
0.534795
1.14898
1.03438
1.21749
0.996073
0.794164
0.802508
1.07721
1.99095
0.575041
1.06575
1.1937
1.08899
1.58487
0.891082
0.965496
1.16077
1.33194
0.623408
1.58143
1.15563
1.32543
0.8006
0.925774
0.963702
1.07794
1.08265
0.800526
0.947504
0.837292
0.887732
1.10416
1.09196
0.793137
0.732813
0.859567
0.633564
0.78749
0.850618
1.13775
1.39126
1.27376
1.13904
0.649348
1.00889
0.714662
1.16706
1.13189
0.879788
1.45606
0.735553
1.03982
0.800646
1.2338
1.02754
1.37172
1.03961
0.993915
0.845184
0.920404
0.892177
1.32448
1.10188
0.791531
1.31705
1.82912
0.640794
1.16592
1.06142
0.52912
0.491997
1.0389
0.850842
1.65431
1.07337
0.900583
1.03497
1.18185
0.993048
0.915457
1.97208
1.41329
1.02736
1.58276
1.12731
0.668967
1.4512
0.813957
0.925765
1.59577
0.978866
0.950343
0.50968
1.45898
0.830388
1.0103
0.809297
0.666956
1.03766
0.67881
0.804811
0.992362
1.20052
1.07938
0.754827
0.777159
0.818221
0.852872
1.34186
1.14901
0.908303
1.21389
0.681539
0.688253
0.524461
0.742102
0.526836
0.738616
1.76348
1.04583
0.883416
1.26794
1.33453
1.21491
0.789311
0.709332
0.807247
0.838161
0.581562
0.913033
0.896869
0.910283
1.03973
0.703635
0.633047
1.00264
1.07291
0.737505
0.817096
0.607557
0.401269
0.918826
0.997988
1.68082
1.57746
0.888341
1.07925
1.0705
1.24924
1.05911
0.476279
0.890699
0.774816
1.01872
1.163
0.746545
0.982682
0.42769
0.594862
0.607724
0.663575
0.462214
1.34047
0.938945
1.23299
0.64549
0.829761
1.30061
0.918103
1.12371
0.625978
0.796536
1.14609
0.899386
0.612527
0.579061
0.744696
1.50747
1.18081
0.800616
1.06449
0.856063
1.03536
1.20187
1.31411
1.02208
0.948764
0.59383
1.34008
0.920794
0.690475
0.684586
1.1028
0.98442
1.55346
0.978604
1.50639
0.885131
0.665558
1.45623
0.881405
1.05147
1.05117
0.650806
0.780013
1.24739
0.867282
1.34575
0.941595
1.02407
1.11049
0.808406
0.54742
0.816009
1.05919
0.779101
0.869697
0.83792
0.817101
1.26989
0.679613
0.669533
1.2216
0.734261
0.81374
1.25175
0.907235
0.67651
1.34489
1.41636
1.02817
0.987648
0.832211
1.17092
0.79783
0.8861
1.00007
1.26502
0.997284
0.58468
1.01216
1.59624
0.671083
1.31666
1.29257
0.876707
0.725722
1.31151
0.904473
1.37117
1.15527
1.16387
0.692322
0.812565
1.04141
1.44299
0.921614
0.933773
1.23949
1.01868
0.717278
1.11792
0.97691
1.59195
0.722651
1.16569
0.959997
1.60268
1.36896
0.856478
0.631156
0.531191
1.49082
0.606306
0.783433
0.958042
0.57413
0.938843
1.09631
0.735054
0.920361
0.754965
1.38949
1.16754
1.03167
0.940703
0.75996
0.569391
0.845729
1.09636
1.08665
0.905928
0.831115
1.65276
1.38462
0.975547
0.698984
0.75728
1.24174
0.455163
0.871294
1.06252
0.991825
1.48765
0.680463
1.27742
1.02544
1.04666
0.735375
1.1751
0.87168
1.22164
2.08744
1.07222
1.04675
0.705273
0.765922
0.877114
0.963946
0.818916
1.17798
0.999917
0.979957
0.746738
0.837571
0.821649
0.95003
0.734059
0.398044
0.783428
1.0246
0.657814
1.66123
0.80551
0.980553
0.531739
0.768968
0.735183
0.952388
1.07902
1.10631
1.34866
0.925595
1.00035
0.865073
1.56697
1.33018
1.02481
1.18379
1.28946
0.748633
1.17368
0.950375
0.729657
0.768524
1.88686
1.50306
0.817586
1.14137
1.26557
1.29888
0.730671
0.830525
0.820005
0.962658
1.1412
1.07496
1.07273
1.31536
0.75819
1.39265
0.973615
1.2865
0.799586
1.00898
0.933432
1.48707
0.840302
1.14779
0.932941
1.07036
1.173
0.64216
1.03485
0.737454
0.736539
0.878741
1.14107
1.05878
1.21958
0.82143
1.27823
0.701408
1.07169
1.85649
0.868989
0.887478
0.872026
0.9785
0.671904
0.808096
1.16905
0.736952
1.27543
1.12655
0.847633
0.990299
2.05266
1.13089
0.704374
0.85279
1.17695
0.723118
0.933672
1.22734
0.617493
1.1888
0.79691
0.709635
1.52508
1.13376
1.09633
1.26551
1.40165
1.10447
0.871708
0.687697
1.14528
1.11673
0.810036
1.30855
0.63736
1.23915
0.729062
0.899236
1.12629
0.479429
1.26673
1.27831
0.685939
1.04221
0.831741
0.877457
0.872764
0.986016
1.24208
1.32497
1.08497
1.3175
0.796649
0.889849
0.947148
0.984623
1.03288
0.98712
0.828828
1.24166
1.01034
1.35723
1.86244
0.953334
0.637809
0.799138
0.739017
0.664975
0.601342
1.12279
1.00178
0.787498
0.91822
0.793337
0.670621
0.803399
0.631265
1.12051
0.896749
0.999679
1.19005
1.5261
1.34034
1.19228
0.635191
1.28235
0.620628
0.817083
0.857538
0.955466
0.908159
1.08884
1.3204
0.807528
1.27399
1.4551
1.8159
0.890059
1.00787
0.705588
0.936048
1.0759
0.760121
1.08451
0.78213
0.937598
1.06112
0.890171
0.946491
1.11351
1.16576
1.0317
0.936497
1.0631
0.68187
0.850378
1.11335
0.98387
0.737963
0.920935
0.829901
1.04413
0.779353
0.839255
0.74691
1.15905
0.905763
0.617594
0.66863
0.901227
1.24993
0.758151
1.21648
0.620019
0.875131
0.591172
0.862927
0.517851
1.29534
0.840315
1.17275
0.480063
1.22958
0.665953
0.698467
1.35972
0.808097
0.951727
1.03963
1.684
0.756691
0.683456
1.11214
0.629676
1.18793
1.52519
0.833049
0.768043
0.855053
1.48591
0.919414
1.13142
0.910624
1.64136
0.567545
1.36582
0.726708
0.850968
1.08235
0.662792
0.777666
1.29178
1.13456
1.34808
0.877839
0.776933
0.848495
0.906523
1.12319
1.21551
0.844961
1.03935
1.23003
0.879413
0.603023
0.656615
0.712105
1.21333
0.919287
0.946136
0.939048
0.990884
1.54398
0.926772
0.744621
1.05363
0.856666
0.605514
0.742933
1.11408
0.909182
0.682939
1.28802
1.53562
1.07631
1.16726
1.03763
0.783203
0.949108
1.23861
1.55586
1.8583
1.22444
0.970476
0.801942
1.30789
0.660279
1.10527
1.45835
1.35591
0.818873
0.600765
0.89599
1.14972
0.675044
1.17179
1.11733
0.971934
0.868427
0.558468
0.822523
1.44371
0.695051
1.23818
1.09047
0.743693
0.864199
1.28215
1.45972
0.992681
1.0134
0.962595
1.30594
0.929344
1.2679
1.0013
0.709806
0.886733
0.601579
1.91967
1.55797
0.808289
1.21249
0.748521
0.607406
0.794923
0.976213
0.920228
0.880655
1.11211
1.28619
0.930479
1.16882
1.69167
0.960915
0.545559
1.06227
0.864499
0.953725
0.596541
0.745961
0.930715
0.638273
0.96943
0.851735
0.805803
1.65092
0.705408
1.15607
0.642858
0.874724
0.757214
0.972997
0.690437
1.15099
0.724928
0.599466
0.76515
0.896067
0.740591
0.854505
1.031
0.730371
0.704131
0.994049
0.769219
1.44937
1.15732
0.909733
1.01464
0.907269
0.877387
1.08619
0.732868
1.19281
0.994416
1.13941
1.0724
0.597346
1.07415
1.00861
1.19975
1.37685
0.77767
1.23922
0.856013
1.13451
1.13274
0.671068
0.636843
1.421
1.22601
1.2169
0.584586
1.07043
0.912234
0.728725
0.932041
0.834843
0.839664
0.751548
0.882933
1.07887
0.823004
1.47184
0.854397
0.75394
0.891892
0.675029
0.746778
1.03027
1.10868
0.987705
0.801151
0.909998
1.08559
0.995703
1.16352
1.53733
1.19874
0.75416
1.34062
1.05518
0.863887
0.922631
1.60246
0.76768
1.17901
0.501793
1.40151
0.892463
1.15886
0.942764
0.739657
0.882754
1.4598
1.03112
1.27201
1.00683
0.86588
0.798547
1.08558
0.904733
0.710481
1.22203
1.01192
1.03747
0.900296
1.19966
1.22837
0.967216
1.09202
1.49294
1.12564
0.767328
1.04383
0.815445
1.01023
0.658015
1.08907
1.02053
0.77723
0.913855
0.843422
1.47455
1.07269
1.32855
1.11327
0.711379
1.1752
0.730593
1.48509
1.18153
1.03782
0.841568
1.2949
1.11143
0.788934
0.925844
0.885149
0.876455
0.939019
0.907397
0.730573
1.17913
0.696501
0.901981
1.20522
1.00162
0.599621
1.27604
0.623625
1.2427
0.956703
1.10271
0.827386
0.808798
0.676711
0.96981
1.10637
0.825837
0.850878
2.20851
0.646154
1.07079
0.907085
0.510453
1.0539
1.55045
1.39988
0.983525
0.93503
1.04636
0.892681
0.687425
0.758646
1.19933
0.937778
0.685978
1.05312
0.945388
1.30125
1.47671
1.54316
0.868219
0.754795
1.18263
0.911877
1.42411
1.04905
1.0362
0.554887
0.858035
0.870277
0.579668
0.895081
0.781588
0.545359
0.784705
0.999648
1.32495
0.867156
1.31543
1.0454
0.869718
1.29072
0.540868
1.13361
1.02342
0.626118
1.01953
0.931248
1.37915
0.91115
0.615207
1.04994
0.65735
0.742948
1.00824
0.961039
1.14644
1.06289
0.883392
0.506876
1.39909
1.25688
1.01415
0.64519
0.750749
0.762842
1.48319
0.874795
1.00022
0.937627
1.11251
0.723305
1.031
0.928929
0.835282
1.248
0.909044
1.08359
1.26492
0.885086
0.764949
1.33521
1.34993
0.699838
0.853195
1.04264
0.867583
0.872373
1.20357
1.54796
1.74607
0.681934
1.12448
0.909662
1.24455
1.01618
0.82951
0.669001
1.5381
1.31001
0.544803
1.42967
1.05928
0.705972
0.733147
0.742651
0.867816
1.06675
1.07872
1.4263
0.849417
0.954724
0.839571
1.1237
0.855545
0.696044
0.879063
0.965037
0.779226
1.19361
0.889229
1.03801
1.13141
0.892568
1.15238
0.763699
0.72753
1.12813
1.86278
0.853057
1.17091
1.24007
0.832752
0.869851
1.29054
0.748194
0.756131
1.07611
0.828574
1.11331
1.23683
1.30761
1.02778
0.677276
0.668719
1.08374
0.870874
0.672589
1.18046
0.682497
2.01327
1.28288
1.08899
0.622254
0.861937
0.933948
0.966941
0.730257
1.02
0.834107
1.40061
0.832943
0.707839
0.641608
0.895883
0.680433
0.755011
1.18277
1.03237
0.946262
0.837404
1.06808
0.937463
1.34944
1.3162
0.969117
1.22352
1.4573
1.19824
0.833018
0.720676
0.715805
0.898978
1.52791
0.84777
0.533799
0.686328
0.782502
1.0114
0.789679
0.717018
0.825086
1.01998
0.733266
0.928751
0.573567
1.0914
1.00189
2.06673
0.79735
0.821451
1.43998
0.774502
0.595507
0.944603
0.994272
1.20906
0.939823
0.790803
0.69461
0.696747
1.09996
0.904218
1.08042
0.925122
0.80753
0.867926
1.27259
1.20376
1.11624
1.13324
0.753751
1.34476
0.99415
0.701447
0.894896
0.859535
1.2786
0.532496
1.22425
0.989767
1.02399
1.23414
1.11859
0.797795
2.02497
1.22523
1.33109
1.04972
1.00703
1.10652
0.658658
0.502776
1.05381
1.65172
1.04017
0.822031
0.681882
0.667908
0.52738
0.681512
0.6991
1.32118
1.02675
1.14165
0.830679
0.73445
1.51099
1.35821
1.13165
0.764244
1.41758
0.904996
0.917334
1.85966
1.21464
0.870009
2.05578
0.865757
1.08073
0.876245
0.916192
0.669696
1.03467
0.804859
0.946924
0.828387
0.850077
0.902415
0.788809
0.691642
1.32037
1.04844
0.808458
1.65439
0.508557
0.675215
1.1873
0.769246
0.532368
0.928824
0.828353
1.25138
0.787594
1.12416
1.70424
1.07798
0.886966
0.795277
0.842245
0.982785
0.684671
1.05298
1.14849
0.994773
0.987249
0.665396
0.972446
1.23572
1.03204
1.26762
0.662302
1.14249
0.907679
0.800119
0.911775
0.966041
1.24888
0.812184
1.03384
0.982347
1.29071
1.45579
0.693647
1.14669
0.891988
0.654489
1.02487
0.818657
1.11852
0.745884
0.700851
0.564545
0.552699
1.41487
0.980393
0.970113
1.37737
0.892928
0.777701
1.13463
1.87127
0.884264
0.796575
0.680633
1.01174
0.775333
0.721957
1.20809
0.793283
0.661996
0.840264
1.01695
1.19119
0.700752
0.460398
1.10453
0.955643
0.870507
0.779093
1.20606
0.69388
0.905383
1.45945
1.04144
0.823429
1.1409
1.03755
0.958418
0.76425
0.975199
0.971078
0.784362
0.972132
0.86013
0.844165
0.770609
1.30823
1.66701
0.87795
0.718125
1.01944
0.83208
0.800952
0.808147
1.33346
0.869286
0.854798
0.981212
0.413555
0.837067
0.560276
1.30974
0.876448
0.783335
1.41607
0.801076
0.854805
1.05261
0.730064
0.926544
1.0512
1.71306
0.848535
0.954003
0.537611
1.06162
0.860038
0.537151
0.914413
1.45015
0.663067
0.954704
1.45226
0.824081
0.582241
1.06724
0.773084
1.09247
0.49849
1.25275
1.19391
0.919691
1.36449
0.533415
0.773892
1.37366
0.977838
0.771918
1.4531
0.664596
0.934314
1.66421
1.21956
0.786134
0.846356
1.16936
1.1306
0.45129
0.844102
0.54976
0.887628
0.964507
0.876962
0.794153
1.01226
0.702004
1.4394
1.09736
0.721235
1.67518
1.00821
1.35086
1.13309
0.731886
1.02729
2.04869
0.79295
0.778541
0.849337
0.972013
0.734617
0.771697
0.789903
1.10229
1.5729
0.743698
0.57369
1.38662
1.29889
0.69165
0.708549
0.893305
0.816824
0.760336
0.382522
1.03896
0.648622
1.14862
0.783992
0.687792
0.996212
0.770303
1.1772
0.860254
1.03328
0.664286
1.20353
0.832601
0.379711
0.650334
1.04279
1.23444
0.921722
1.33359
1.58311
1.24836
1.1495
1.46559
1.36093
1.26053
0.563674
1.34416
0.772041
1.33099
1.89113
0.647101
0.898087
0.736543
0.841078
1.12463
0.598926
1.44392
0.682107
1.64564
1.29145
0.864256
0.827513
1.21524
0.825405
0.979356
1.61462
0.546053
0.969574
0.909969
0.714783
0.693996
1.26455
1.03086
0.877535
1.54594
1.22132
1.06199
1.50983
0.569126
0.929795
0.759962
0.677951
0.409302
1.02764
0.651474
0.943926
1.52692
0.928843
1.35119
1.14392
1.50412
1.02968
1.89912
1.11888
0.835788
0.85373
0.804672
0.665229
1.51054
0.888026
1.27717
1.01594
1.15656
1.75805
0.683263
1.14662
1.38782
0.62028
0.639841
0.940514
1.24402
0.435486
1.331
1.12944
1.09309
0.957355
0.751246
0.979881
1.4762
0.71191
0.67693
0.632285
1.04623
0.719891
0.96236
1.03879
0.935782
1.60896
0.934435
0.907701
1.30523
0.731325
0.75761
1.03441
0.807193
0.710295
1.25057
0.981315
1.26444
0.981936
1.08853
1.069
1.03593
1.09883
1.26513
0.947059
1.36632
0.807145
0.946628
0.871945
1.06692
1.10207
0.787059
1.25693
0.862996
0.526136
0.779897
1.00829
1.18468
1.22302
0.891241
0.914905
1.21701
0.589355
1.20397
0.804154
1.32674
0.786312
0.813952
1.77528
0.889694
1.27762
1.32088
1.17097
0.655799
1.17861
1.09528
0.941436
1.17904
1.715
1.27308
0.74803
1.15992
1.12597
0.698865
0.858086
0.732275
0.68487
0.61463
0.777667
1.11981
1.43553
0.709933
1.36389
0.948285
0.999727
1.07592
0.668776
1.46516
0.826976
1.19525
1.04579
1.28163
0.671577
0.814559
1.18672
1.53955
0.922306
0.774464
1.7638
0.585298
0.947047
0.763586
1.46046
0.92504
0.71559
0.959194
1.32749
1.26268
0.932069
2.2401
0.754949
0.898766
0.657867
0.888384
0.782074
1.09888
1.01254
0.959467
0.827149
1.38075
1.29929
0.816224
1.94534
1.08304
1.06468
1.01481
0.894587
1.10649
0.634498
0.905329
1.02739
1.058
0.85372
0.732988
0.656051
1.33966
1.05956
0.547041
0.72061
0.877904
0.878617
1.34857
0.692945
0.770461
0.746077
1.01815
0.742319
1.22998
1.34121
1.05441
1.20435
0.949911
1.40422
1.51183
1.54664
0.492653
1.00695
0.704402
0.883653
0.522845
0.931602
1.66037
1.32224
1.16086
0.87632
1.14821
0.852613
1.14414
1.01267
0.540879
1.46703
0.517253
0.896455
0.743523
0.840578
1.54512
0.688523
1.15682
1.30065
1.12693
0.704079
1.04072
0.583364
1.07536
1.21374
0.570758
1.22641
0.40716
0.721357
1.27497
0.922257
1.07577
1.17875
0.72584
0.609582
0.929431
1.08393
0.912252
0.755659
0.551047
0.500666
1.42035
0.949094
0.985244
1.21245
0.858936
0.970891
1.19313
0.524668
1.3813
0.823012
1.18928
0.735206
0.793368
1.06447
1.0211
0.957749
1.14717
0.989779
1.27202
0.963212
1.04594
1.38169
0.714969
0.720626
1.11169
0.703443
1.07558
1.05247
0.520749
1.38637
1.51888
0.641729
0.814324
1.35403
1.23422
0.771612
0.620864
0.818058
0.691739
0.995224
1.39239
0.902707
1.43631
0.870566
0.791674
0.828233
0.931832
0.917368
1.35815
0.935235
1.39138
1.29762
1.49461
0.63785
0.711038
0.918249
1.25534
1.49732
0.815827
0.897157
0.777729
0.934642
1.81051
1.1771
1.1008
0.5104
1.13989
0.908813
0.976692
1.44732
0.951577
0.886287
0.957386
1.042
0.938225
1.25813
1.1871
0.586612
0.751616
0.601653
0.598015
1.5826
1.01905
0.794016
0.952251
0.569287
0.721918
0.573258
0.820492
1.20136
0.948192
0.785475
0.993818
0.797854
0.524967
1.31474
0.678354
1.3617
1.00952
1.45652
1.57541
0.720611
1.03248
1.10186
0.883093
0.885914
1.02085
1.03107
1.1789
0.720534
1.24691
1.84003
0.882262
1.13747
0.882009
0.848351
0.965419
0.489831
1.35227
0.894417
1.05698
1.12307
1.20105
1.29951
0.556356
1.37973
1.50747
1.01824
0.725824
0.853419
1.3172
1.11214
0.962154
0.809438
0.963671
1.08416
1.22552
0.51704
0.981919
1.09961
0.68726
0.506987
0.754384
1.46053
1.06231
1.11632
1.13824
0.934509
0.861039
0.626146
1.34053
1.43876
0.859715
0.900561
1.17806
0.794786
0.624169
0.995668
1.0977
0.774353
0.723673
0.635653
0.958858
1.44306
1.29463
0.926612
0.977848
1.31928
1.00275
0.709803
0.722724
1.33515
1.01136
0.974462
1.40568
0.871245
0.549748
1.25107
0.693652
1.10635
0.650541
1.07473
0.93528
0.826737
0.997962
0.954172
0.92576
0.659448
1.72608
1.20136
0.73351
1.10344
1.12856
0.628681
0.945636
0.838852
1.03009
1.29449
1.01463
0.814812
0.976348
0.550982
1.43489
1.55029
1.19663
1.13506
0.827056
0.87772
1.2892
0.988292
1.12072
1.30852
1.16698
1.6218
1.17296
0.909832
1.40192
0.704467
1.22936
0.634856
1.15882
1.54486
1.45483
0.970295
1.01993
0.983431
1.58944
0.700198
1.36639
1.00073
1.39272
1.10137
0.549564
1.00332
1.19808
0.940547
1.06108
0.936828
0.960614
0.44564
0.891373
1.157
1.32348
0.670814
1.70626
0.993039
0.915656
2.05532
1.05023
0.983558
1.21251
1.14238
1.34894
0.822693
0.626337
0.84726
3.10531
0.887054
1.21217
1.43806
1.0412
1.51191
1.0671
1.08961
0.896912
0.808437
0.931582
1.06602
1.36602
1.18895
0.712503
0.718589
0.907621
0.970381
1.45561
1.00815
0.810852
0.503002
1.3429
0.942731
1.03385
0.984407
1.25196
0.798084
1.08761
0.978772
1.05125
1.18402
0.933952
1.11698
1.24475
0.498727
0.724434
1.13071
0.880917
0.778396
1.01094
1.28004
0.973626
1.5382
0.497792
0.90102
1.00531
0.958831
1.51486
1.32312
1.08557
0.556211
0.593935
0.683321
1.12768
1.25003
0.890359
1.24156
0.738998
1.01172
1.15697
1.49678
1.23839
0.970867
1.2912
1.47305
0.908669
1.01299
1.15092
0.759815
1.30945
1.10516
1.44345
1.4832
0.70112
1.46953
1.02199
0.780571
1.51964
0.778958
0.766038
1.1335
0.787126
0.715307
0.414717
1.59509
0.666314
1.32629
0.985743
0.931606
1.17937
0.923256
0.510136
1.1527
1.06351
1.15511
0.722533
0.969381
0.665103
0.977868
0.92312
0.742416
1.54022
0.939254
1.07899
0.620196
1.00497
0.560376
1.22814
1.04621
0.863927
1.86592
1.18527
0.932513
0.65649
0.977225
0.967753
0.457431
1.02415
1.20052
0.963633
0.79551
0.791066
0.656532
1.14349
0.913014
1.05987
0.762399
0.989379
1.37002
0.801783
0.667002
1.26299
0.591073
1.04194
0.866
1.11874
0.798911
0.879301
1.36339
0.825999
1.16758
1.10166
0.913874
1.22408
1.19921
0.878073
0.658309
1.06318
0.962622
0.72382
0.770325
0.602685
1.12895
1.26634
0.757834
1.28914
0.670342
1.02735
1.4453
0.759808
0.742692
0.834139
0.642708
0.907311
0.748083
1.05831
1.10839
1.25759
0.739599
1.38345
1.22128
1.17202
1.15425
1.47423
1.16299
0.789243
0.767434
1.15566
0.763024
1.11138
1.69387
1.14972
0.962359
0.845807
0.870924
1.60458
0.509245
1.1015
1.05625
0.975136
0.75639
0.963029
0.892313
0.621164
0.71201
0.519437
0.634539
0.882746
0.827788
0.865229
1.29035
0.985299
1.11053
1.30221
1.17702
0.855483
1.533
0.879028
0.811329
1.26769
0.883406
0.852951
0.896409
1.52032
0.647862
0.850448
1.14126
1.10246
1.28338
1.09432
1.23375
0.959749
0.859518
0.70475
0.760502
0.972997
1.05835
1.52194
1.0072
1.71491
0.855021
0.969647
0.806001
1.27669
1.17406
0.74843
1.06971
0.797319
1.23513
1.25002
1.00371
1.03249
0.854649
1.13532
0.706602
1.02883
1.51351
1.06296
0.91109
1.05752
0.828747
1.19638
1.59765
0.888764
1.07167
0.963729
0.702812
1.06471
1.24954
1.3479
0.725383
1.43345
1.20463
1.38698
1.55085
0.830805
0.805689
1.09971
0.847764
0.912858
0.74223
1.16834
0.638565
1.33847
1.19175
1.00646
0.654375
0.758914
0.974622
1.8186
0.740519
0.683809
1.06261
1.23128
1.14448
0.706205
1.02667
0.751861
1.05543
1.04743
1.31207
1.03019
1.04194
1.26161
1.02042
1.53298
0.745345
1.05129
1.32662
0.705338
1.15166
0.973211
1.08647
0.862656
1.57912
1.1204
1.45356
1.01687
0.825464
1.40853
1.1405
0.948278
0.96936
1.2945
0.688683
0.640632
0.975063
0.970866
0.986383
1.33952
0.511122
0.757915
0.490384
1.31809
1.2386
1.05203
1.10369
1.05557
0.821099
0.954869
1.14232
0.887415
0.606347
0.825253
0.602001
1.17234
0.836643
1.77212
0.681775
1.52242
0.910158
1.66304
0.881699
1.75376
0.993372
1.00291
0.772964
1.60042
0.9169
1.35498
0.743336
0.523747
0.737127
0.615067
0.750649
1.03469
0.955727
1.63301
0.853045
1.89908
0.937866
0.626394
0.873757
0.786341
0.61867
0.81909
0.897276
1.51268
0.637362
0.846862
0.85786
0.581862
0.854728
0.76967
1.18115
1.20927
1.4534
0.581983
1.17728
0.623441
1.58845
0.938263
1.1417
0.755156
0.938419
1.03268
1.00219
1.27875
1.30471
1.14166
1.15194
0.598103
0.784321
0.827709
1.52246
0.990719
1.01326
0.737877
1.01945
0.753757
1.20477
0.720201
0.611402
1.33349
1.28316
0.835223
1.1688
0.713022
0.785628
1.08559
0.82612
1.04883
0.714896
0.890287
1.21492
1.04957
1.22249
0.875109
0.868588
1.40604
0.681533
0.545031
0.684294
1.05761
1.24927
0.932579
0.428462
0.705519
0.883879
0.795653
1.40968
0.847231
1.17105
0.812244
1.1155
0.578671
1.00247
0.828217
1.07191
0.936437
0.992416
0.797393
1.34607
0.58987
1.7344
0.730521
1.71764
0.646405
1.01528
0.988794
0.829851
1.13382
0.834315
1.14496
1.31587
1.28441
0.474406
0.888163
1.56108
0.74784
1.56503
0.771253
0.785896
1.54865
0.671205
1.54576
1.14284
0.632418
1.38581
1.91698
1.06852
1.26404
0.820903
1.01189
0.82095
0.915255
1.01555
1.09677
1.54309
0.525847
1.38813
0.798462
1.1364
0.794926
0.70358
1.04357
0.842045
0.727032
1.31487
1.01071
0.896031
1.08289
0.817224
1.13249
1.64825
1.43389
1.30796
1.03996
0.662061
0.823113
0.731887
1.52028
1.22926
1.11969
1.15729
0.618905
0.832895
0.731418
0.90634
1.10708
1.01106
0.879193
1.06893
1.17899
1.34457
1.50929
1.22814
0.836489
0.933145
1.13696
0.966022
0.685442
0.758866
0.946679
1.04072
0.807311
0.657629
0.952596
0.742823
0.660293
0.973573
1.61883
1.01499
1.48089
1.15071
1.71512
1.27359
0.888554
1.14867
1.11947
1.26257
1.14425
0.810935
0.789523
1.39894
1.17325
1.61802
0.971385
0.872299
0.761227
0.923068
0.976685
1.32675
1.79046
1.29319
1.22924
0.896881
0.415041
0.492901
1.26052
0.699217
0.50371
0.795502
0.929109
0.765551
0.924963
1.02822
1.01595
0.944983
1.01232
1.06079
0.90792
1.34753
1.19378
0.740888
0.930372
0.648291
0.794179
0.850586
1.21793
1.04939
0.97925
0.904895
0.826888
0.787003
1.25546
1.01573
2.05102
0.861151
1.08442
1.17594
0.680328
1.28788
0.997262
0.798073
0.985961
0.880407
0.931043
0.753703
0.805325
0.702769
1.29646
1.0929
0.813672
0.982075
0.982601
0.671587
1.20063
1.35154
1.17967
0.94901
1.06469
1.51226
0.675235
0.993405
1.52766
1.08313
1.07413
1.23662
1.31265
1.54754
0.758372
0.867915
1.27707
0.925161
0.867282
0.491582
1.17086
0.855129
0.669271
0.830477
0.905547
1.08789
0.829211
0.66908
1.09474
1.06484
1.14486
1.19913
1.00306
1.36382
0.514768
1.03135
0.922732
1.39394
0.762635
0.98381
0.821135
0.704129
0.599296
0.681385
0.94985
1.31687
0.870142
1.17586
0.809752
0.804373
0.827291
0.586596
1.06231
0.807963
0.86913
0.938715
1.29082
1.61807
1.83466
0.95055
0.775432
1.11262
1.28372
0.949737
0.647439
0.764567
1.49476
1.40061
1.52266
1.95775
1.16464
0.844767
1.51234
1.25735
1.19179
1.19615
0.849007
1.21278
0.781774
1.06119
1.1028
0.909446
1.22538
1.02951
1.25971
1.02618
0.791603
0.74535
0.803319
1.12888
0.902503
0.902534
0.76641
1.12185
0.75401
0.980839
0.690512
1.01528
1.09394
0.82586
0.788167
0.734623
1.62192
0.988567
1.01222
1.23893
0.571474
0.72075
1.02114
0.905903
0.510931
0.870233
0.93454
1.75323
1.51771
1.21649
0.70152
1.39799
0.636305
0.974472
0.889481
0.893623
1.31445
1.05214
0.721399
0.655323
1.06249
1.07592
0.563557
1.11706
0.804687
0.828553
0.979359
0.970827
0.679568
0.652933
0.889086
1.6574
1.41976
0.587531
1.187
0.794031
0.723386
1.04648
0.957314
0.920238
1.0075
0.671756
1.4175
0.915493
0.847347
1.03968
0.764861
1.14939
0.623436
0.775123
0.991965
0.721983
0.852983
1.63195
1.21739
1.203
0.928083
1.31541
1.1759
0.617623
1.28226
1.37373
1.10838
1.23036
0.994861
0.590061
0.707707
0.747505
0.980343
0.637665
1.37074
0.85434
0.58438
1.08977
0.876545
1.16272
1.25143
0.880479
0.7441
0.922351
1.02325
0.977356
0.619848
1.36077
0.771585
0.726437
1.1551
0.741355
1.17347
1.14224
1.18729
1.43432
0.889306
0.909435
0.837323
1.14773
0.552721
0.657138
0.689981
1.27576
0.961163
0.973954
1.64827
0.868109
0.644877
0.663825
1.34192
0.796123
0.842828
1.19409
1.45289
0.947541
0.864391
0.681321
0.844401
0.547851
1.34695
0.955603
0.94685
0.648344
1.35708
1.21652
0.898162
1.2386
0.685106
0.991224
1.02786
1.18026
1.30874
1.45844
0.662512
1.36985
0.683892
1.10993
1.39709
0.707043
1.12575
0.729815
1.39457
1.56551
1.02325
1.25479
0.550105
0.551887
0.688768
1.08641
1.16596
0.759405
1.01235
1.58801
1.17901
0.945913
1.31134
0.74451
2.28988
1.25182
1.01547
1.05239
1.32406
1.00412
0.68437
1.04383
0.959955
0.709513
0.923091
1.17798
0.997102
0.617107
0.806801
0.935598
0.843378
0.664228
0.939069
0.605533
1.05447
1.29847
0.661073
0.406077
0.635748
0.902459
1.41306
0.667742
0.890765
0.67543
1.38381
1.49394
1.07389
0.71691
0.508361
0.607247
0.911282
1.10852
1.09178
1.18738
1.49217
1.00315
1.24234
1.51798
1.15883
0.66545
1.65095
1.28375
1.0223
1.55746
1.03537
0.843887
0.888431
0.826611
1.01702
0.711824
0.592666
0.913195
0.813906
0.627734
1.47173
1.24081
1.21959
1.29066
1.20369
0.838732
0.619379
1.28635
0.746417
0.855437
0.701185
0.880724
1.04767
0.902716
1.09119
0.846365
0.528315
1.31809
0.809224
1.01744
1.09039
1.43752
0.444195
0.935944
0.628237
0.63682
0.997141
0.741702
1.20056
0.737577
1.39547
1.59716
1.32344
0.965495
0.729377
1.8105
0.661609
1.10359
0.894594
0.778199
0.749232
1.1246
1.08996
0.742949
0.697634
0.923804
0.989908
0.779769
0.698324
0.975053
0.761145
0.833971
0.981948
1.2508
0.879837
0.805454
0.768222
0.573854
0.561829
0.886765
0.96564
0.936602
0.969365
1.22174
0.470279
0.856957
1.14
0.865043
0.898725
1.18606
1.23665
1.20785
0.741758
1.29329
0.956728
0.879668
0.649072
1.32134
0.992844
0.726771
0.700536
0.535764
0.650631
0.934611
1.34892
0.944543
1.0738
0.63785
1.26205
1.22977
0.77932
1.03341
0.804219
1.22188
1.34869
0.853974
1.0494
0.825158
0.86734
1.31942
0.690956
0.945121
0.964049
0.881507
1.09035
0.620705
1.20514
1.00193
0.919939
1.03981
0.879391
0.599858
1.07721
1.32997
0.999008
0.956993
1.59797
0.947739
1.00503
1.03728
0.69591
0.63916
1.55089
1.43532
0.908743
1.3399
0.886387
1.07054
1.07805
0.901395
0.983538
0.838794
0.747797
0.484809
0.687348
1.0162
1.11259
1.15393
0.609654
0.737341
0.967041
0.6131
1.30042
0.647634
1.15081
1.05562
1.0337
0.542171
0.729489
0.681451
0.859
1.13144
1.01761
0.905988
0.595616
0.644076
1.38707
0.896292
1.22468
0.706807
0.753722
1.35261
0.986425
0.96879
1.57775
1.20634
0.824368
0.615212
0.824435
1.08818
0.916753
0.967686
1.24909
0.88963
0.57383
0.774129
0.620149
0.757917
1.03803
0.881806
1.04133
1.30352
1.34074
1.20138
0.767657
0.692203
1.16567
1.14452
1.02135
0.797948
0.544474
1.13427
0.686094
0.978385
1.1463
0.74435
1.08863
1.66696
0.523063
0.951315
1.8943
0.924561
0.803373
0.798414
0.910794
0.755019
0.981353
0.813024
0.888822
1.12002
0.782471
0.615795
1.91141
0.772545
0.866265
1.17645
1.36243
0.974759
0.80231
0.906462
0.588964
1.14666
0.842987
0.577435
1.50188
1.018
0.629453
0.940192
1.37361
0.643551
1.10334
1.32519
1.46559
0.693019
0.656722
1.04636
0.833582
0.6517
0.659586
0.856205
1.2134
0.837861
1.22559
0.798258
0.932592
1.09374
0.657993
1.22413
1.28843
0.834431
0.966679
1.16192
1.54279
1.20673
1.25595
1.11931
1.31975
0.694372
1.25109
1.39491
0.879401
0.684175
1.14837
0.602746
0.984243
0.652734
0.75492
0.742693
0.807804
0.775754
1.03146
1.21435
1.66605
1.17031
0.715471
1.21563
0.929498
1.47175
0.577568
0.612925
0.963402
1.269
0.956187
1.07342
1.10268
1.27957
0.963106
0.758166
1.13181
1.02614
1.4424
0.751402
2.07339
1.15074
1.33591
1.02511
0.601886
1.31554
0.629303
1.07725
0.96068
0.597245
0.872311
2.21537
0.826963
0.822016
1.13763
1.00109
0.754079
1.29731
1.1007
0.821401
1.11301
0.927939
0.886269
1.06927
1.22327
0.968771
0.784258
1.12454
1.04257
0.701237
0.964163
0.658891
0.866216
1.17559
0.617788
0.961514
1.08259
0.715231
1.19269
0.909315
1.11448
1.76256
0.829046
0.579348
0.83234
0.851873
0.984718
1.23702
0.775651
1.12782
0.615471
0.942273
1.43368
1.17374
1.29587
1.15889
0.6799
1.0138
1.75493
1.05582
1.68254
0.820518
0.947049
1.3806
0.930921
0.799832
1.17078
0.798108
1.03282
0.770865
1.72466
0.904511
0.879504
0.784393
1.1899
0.729088
0.809668
1.04304
1.59556
0.433361
1.20281
1.03261
1.11022
1.31238
1.34458
0.769106
0.63975
0.777126
1.33223
0.866172
0.891221
0.924321
1.20256
0.992349
1.00736
0.580691
1.04245
0.550166
0.535965
1.17804
1.32602
0.910691
0.703563
0.764909
1.01307
1.01504
0.697095
0.586703
0.897169
0.845379
1.6167
0.943035
1.44696
1.07595
1.26044
1.06264
1.27424
1.23009
0.793902
0.945998
0.737033
0.919197
1.12897
1.11306
1.1286
1.17035
0.881821
1.13365
1.01208
0.741532
0.688643
1.30004
1.04982
1.61415
0.667716
0.892236
1.24259
0.763322
0.733383
0.764596
1.12935
1.09408
0.871337
0.799665
1.13536
0.6061
1.14439
0.665017
1.16055
1.05974
0.670181
0.663056
0.60315
0.953292
0.984945
1.60315
0.796313
0.662755
0.948416
0.660786
1.00682
1.11258
0.953622
2.02487
1.55695
1.03861
1.13872
0.910676
1.03717
0.946382
0.846538
0.83097
0.709773
0.594662
1.02959
1.22692
0.774486
1.2759
1.1745
1.65772
0.972662
0.70909
0.763628
0.993036
0.771643
0.887406
0.805519
0.883046
0.945115
1.41403
1.26589
1.06395
0.898622
0.854759
1.70787
0.978067
0.986237
1.26458
0.674876
0.420699
0.922204
1.18046
1.13434
0.773822
1.11004
1.11742
1.00748
0.832657
1.13432
0.726731
0.959872
0.65637
1.04638
0.965589
1.39083
0.748487
0.950872
1.03743
0.776454
0.685532
0.774148
0.886256
1.84687
0.972973
1.16942
1.36274
0.697651
0.739827
0.55301
1.28298
0.868151
0.788422
1.31225
1.17462
1.09913
0.541298
0.895536
0.854057
1.25666
0.729244
0.898982
0.856448
1.37977
0.70993
0.970801
0.939101
1.37102
0.924937
0.828009
0.966607
0.801577
1.10724
1.36883
1.02409
1.17096
0.888265
1.1899
1.37617
0.645276
0.912727
0.947783
1.61883
0.902111
0.93152
0.91541
1.19001
1.15588
0.85648
1.08717
0.735005
0.848564
0.738237
0.82169
1.69412
0.960185
0.961038
0.540751
1.38512
1.06348
0.811615
0.611407
0.975034
0.824397
1.17628
1.73458
0.971929
0.416887
0.695646
1.05267
1.27602
1.80796
0.917991
0.724089
1.71099
1.14443
0.935125
1.30186
1.04246
0.598941
0.692067
0.858159
0.833276
1.15683
0.730923
1.02289
1.14173
1.18615
1.35746
0.93499
1.21527
1.0721
1.09336
1.40577
0.626458
1.21914
0.734308
1.1684
0.934803
1.06465
1.16993
1.23638
1.148
0.690991
1.12859
1.19644
1.01362
0.580872
1.39511
0.956736
1.05009
0.906321
1.1843
1.37743
1.22881
0.595239
0.92965
1.18962
0.710122
1.08381
0.542216
1.29263
0.988651
1.63564
1.48172
0.723571
1.22651
0.936241
1.35025
0.948361
1.18511
1.09879
0.610332
0.597836
1.02303
1.63001
1.01248
1.13624
1.10285
0.902275
0.813546
0.829333
1.03222
1.33368
1.77741
0.694735
0.638296
1.19629
0.90349
0.872976
1.01468
0.848135
1.00126
0.988639
0.805443
1.43596
0.735306
0.811048
1.05423
0.877183
0.631033
1.87412
0.838737
0.511587
1.15171
1.67495
1.20645
0.971972
0.950364
1.01794
1.19025
1.00772
0.916846
0.680709
0.895763
1.1342
1.13057
1.01344
1.41559
0.976648
0.752849
1.43334
1.16815
0.826694
1.24038
0.735001
1.26638
0.64837
1.09659
0.510204
1.06973
0.712483
0.954251
0.83782
1.2555
0.99835
0.722396
1.56217
0.768266
0.746585
0.753694
1.97024
0.91443
0.617341
2.11101
0.841087
0.771297
1.22516
0.733235
0.923086
1.48646
0.780743
1.06565
0.93554
0.75379
0.66141
1.1582
1.68333
1.1851
1.03308
1.04437
1.08416
1.09067
0.818054
0.775122
0.938905
0.980021
0.584166
0.857445
0.896515
0.973188
1.13375
0.580021
0.836668
0.694969
1.04652
0.83168
0.994653
0.865258
1.73533
0.780142
0.997894
0.814564
1.23321
1.0988
1.16058
1.01932
2.12079
1.17194
1.24143
0.666886
1.23117
0.906766
1.46429
0.959182
1.12069
1.20358
1.98285
0.64226
0.747763
0.919084
0.835573
0.640267
2.48459
0.952409
0.701219
0.941776
1.16636
0.784208
1.59955
0.634971
0.42913
1.04749
1.06402
0.978101
0.509477
0.696662
0.962068
0.976456
0.697888
1.01544
1.10289
1.21286
1.30386
0.90394
1.59939
0.777379
0.834308
0.752865
1.00896
1.04127
1.10007
1.02976
1.63258
0.927321
0.890483
1.45385
0.833756
0.622765
1.49256
1.00478
1.50989
1.01217
0.973059
1.25923
0.557227
1.12218
1.19155
0.820473
0.808466
1.1155
0.985336
1.06287
1.11402
0.731253
1.10444
0.943334
0.544225
0.942693
0.679345
1.6223
0.782757
1.24375
1.00759
0.790261
1.53763
0.706589
0.650768
0.635069
0.630265
0.738697
1.03341
1.36276
0.929592
0.949088
1.4335
1.00924
1.2504
1.08316
1.22885
1.12707
0.631499
1.162
1.09005
1.35137
0.922392
1.27537
0.771265
1.29727
1.0156
1.07843
0.852111
0.71537
0.909081
1.20371
0.887902
0.558447
0.722433
1.03934
0.977627
0.879775
0.705707
0.777926
0.97176
1.32333
0.705176
0.713623
1.02551
0.987016
0.921781
0.957366
0.962738
0.598921
0.999871
1.39403
0.878538
0.806589
0.558323
0.853363
0.997472
1.02681
1.00051
0.797969
1.44882
0.967949
0.948933
1.16493
1.04995
0.69042
0.86033
1.20471
1.2629
0.874011
0.791443
1.12285
0.953838
1.21326
0.809925
1.45016
0.643432
1.70389
1.31504
0.481816
1.11115
0.64046
1.13872
1.47901
1.22258
1.84618
1.17295
1.49763
0.959274
0.64972
1.32839
0.885383
0.50916
0.555341
0.932795
0.949898
0.767311
1.00761
1.09012
1.39056
1.18427
1.02336
0.832709
1.41876
1.18582
0.87224
0.886709
1.13072
1.28695
1.25941
0.894454
0.827938
0.936739
1.207
1.30265
1.18875
0.807341
0.759408
1.05869
1.28463
0.962601
1.28887
1.12432
1.20069
1.27546
0.709035
1.02516
1.67513
1.18714
1.01658
0.98583
1.24392
1.04074
0.658109
0.495489
0.998315
0.749003
0.609639
0.488883
0.726154
1.18555
0.610104
1.45377
1.08091
1.2343
1.12701
0.711101
1.00632
0.598754
1.25769
0.674475
0.757517
0.964812
0.817063
1.42461
1.561
0.778923
1.31293
0.887531
0.672208
0.912751
1.39175
0.735
0.527521
1.07663
0.661589
1.39163
0.566096
0.95334
0.627727
0.909952
0.984679
1.22677
0.768779
1.42976
1.04919
0.962978
1.29533
0.797266
1.09252
0.900323
0.739068
0.742203
0.981363
0.993922
0.71682
1.10516
0.963328
1.20236
1.03747
1.03026
0.447274
1.36684
1.23178
0.873754
1.0896
0.872283
1.01334
1.90505
1.14617
0.982648
1.16208
1.09757
1.30409
0.641351
0.979806
0.894065
1.17057
1.00864
0.926957
0.866281
0.853106
0.81953
0.614761
1.45982
1.52803
0.738045
1.24277
0.576266
0.849447
0.780107
0.609688
0.814632
0.641729
1.77964
0.546846
1.31576
0.835497
1.12727
0.754217
1.4851
1.18027
0.853836
1.43066
1.19159
0.874579
0.908138
1.08008
0.897524
0.579182
1.19605
0.818709
0.732513
1.03694
0.929595
0.797483
1.18885
1.56778
0.669723
1.21963
0.94892
0.916347
1.36359
0.994307
1.35115
1.08996
1.2461
0.959344
0.975344
1.44632
1.0875
1.23439
0.990576
0.798217
0.662772
0.548186
0.802904
0.876264
1.04208
0.973021
1.52371
0.908583
0.598041
0.869612
0.749527
1.5369
1.36256
0.991903
0.837121
1.33565
0.873898
1.10507
1.40206
0.838474
1.26987
0.982372
0.752429
1.12701
0.800809
1.16247
1.39217
0.67961
1.03865
1.31813
1.23156
1.14433
0.985963
0.594367
0.939653
0.827864
0.986883
0.794231
1.18115
1.58323
0.640317
0.827825
2.39669
0.7414
0.923604
2.05099
1.56806
1.21608
0.896262
1.04414
0.70394
0.901312
1.35235
1.07808
1.08159
1.31906
0.637442
0.753191
1.05043
1.02271
0.761817
0.483476
1.15689
1.58603
0.766428
1.14967
0.707211
0.904386
0.927282
0.786322
0.728315
1.50225
0.95313
0.723841
1.2932
1.14138
0.84653
0.908263
1.09414
0.786685
1.2919
1.19167
0.784045
0.980774
0.731595
1.13356
0.639866
1.30401
0.811961
0.756757
0.982961
0.949182
0.797257
0.922852
0.727161
0.802906
1.02539
1.64899
0.778907
0.767401
0.577119
1.22378
0.866668
0.775078
1.25076
1.53236
1.93629
1.32432
1.01776
0.906394
0.81463
1.62781
0.800584
0.657641
0.59301
1.33697
0.962117
0.815065
0.920205
0.946374
0.655886
1.11204
1.2165
1.15879
1.13098
0.532349
1.5164
0.510853
0.707152
1.21289
0.654405
1.00647
1.1237
1.0034
0.803335
0.723412
1.10621
0.622446
0.917242
0.683293
1.31263
0.9751
0.685668
0.715739
1.24292
0.958749
0.857086
1.33879
0.811676
0.72165
1.18279
0.699743
0.909281
1.50938
1.11827
1.29332
1.08105
1.09866
1.10987
0.657813
0.968053
1.05701
0.753635
1.02237
1.4052
1.54008
0.960179
0.643654
0.564187
0.531522
0.708441
1.42573
1.22233
1.2144
1.08732
0.959675
0.690597
1.34822
1.25055
0.995857
0.884457
0.821206
1.46675
0.714373
0.939897
0.456387
1.35428
0.924708
0.851767
1.17603
1.02569
0.616647
1.12598
0.808712
1.54688
1.1279
0.622597
1.35583
0.750331
0.388275
0.668498
0.911627
1.22074
1.03187
0.655918
1.38749
0.797013
0.965904
0.825065
1.18177
1.2978
0.851363
0.88306
1.07086
1.07639
1.53188
0.842191
1.85824
0.979186
0.917469
1.00435
0.489912
0.950045
1.32207
0.546749
0.583627
0.97465
1.26061
0.957959
0.871667
0.883984
0.99401
1.2978
0.943677
0.816391
0.974888
0.814428
0.741938
0.565407
0.911903
0.738547
0.704221
0.634346
2.48753
0.926591
0.838539
0.491669
0.479206
0.551862
1.04303
0.774851
0.922577
1.17005
0.981191
1.24308
1.20223
0.744725
1.20791
0.815418
1.10425
1.22802
1.38557
0.747535
1.29535
0.900372
1.67565
0.65424
0.78968
1.71219
0.770532
1.64025
1.79807
0.813379
0.754945
0.660267
0.840555
0.652586
0.909861
1.24318
0.751195
0.896875
1.44831
1.12387
0.966643
0.701349
0.753562
1.66231
0.64015
0.833787
1.1989
1.07737
0.753973
1.06884
0.831263
0.940287
1.29106
0.699056
1.00496
0.848689
1.01309
0.83396
0.711924
1.22374
0.970982
0.67687
0.751776
1.71098
1.08008
1.27497
0.742815
0.83517
0.962864
0.760165
1.36611
1.05594
0.903938
0.976766
0.869087
0.987002
0.906874
1.6287
0.876417
1.00026
0.935384
1.00568
1.83505
1.03716
0.96978
1.08657
1.25122
0.802226
0.617921
0.547576
0.829422
0.628786
0.866285
0.975761
0.631878
0.872035
2.03679
1.06682
0.79744
0.539175
1.52942
1.76488
1.20389
0.631682
0.965827
0.756076
0.867466
0.845947
0.580662
1.06244
0.576048
0.916851
1.01425
1.10881
1.46432
0.667263
1.03792
1.03886
1.53649
1.74334
0.897706
1.16387
1.03505
1.00067
0.607696
1.16555
1.38386
0.864208
0.745788
0.631965
0.84491
1.07434
0.85954
0.801475
0.76273
1.11291
0.98047
1.16293
1.39306
1.00042
1.51899
1.71405
0.639306
0.409857
0.809303
0.947549
0.678087
0.83965
0.796354
1.03859
0.87418
1.20365
0.781523
0.737586
0.984951
1.22136
0.87958
0.761681
0.775215
1.205
0.771873
0.706943
1.17801
1.05649
1.05183
0.736055
0.821537
1.03309
0.886622
1.10456
1.50631
0.754884
0.711913
0.657387
1.07215
1.67834
0.674286
0.609405
0.973529
1.25012
1.03745
0.989645
1.28289
0.831046
1.15389
1.01509
1.0191
1.0398
2.08849
0.939367
1.32882
1.40828
0.708025
1.48179
1.0266
1.5691
0.823059
1.07674
0.768794
1.07893
1.17527
1.41989
0.926399
0.738251
1.14944
1.51373
1.26067
0.596188
0.883603
0.994795
0.923048
0.786921
0.715219
1.09135
1.02741
1.04308
1.20265
1.17709
0.666679
1.15345
0.813068
1.1241
0.738457
1.38041
0.792303
0.671705
1.19736
0.958244
1.00702
1.27522
1.12806
0.493458
1.25018
1.6139
1.08278
1.11672
0.912576
0.96223
0.984079
0.960327
0.705739
1.18241
0.665283
2.02739
0.810878
0.660761
1.37479
0.718027
1.0542
1.32525
1.39749
1.20205
1.41152
1.854
0.639859
0.620009
1.0086
0.908363
1.07926
1.0621
0.763901
1.18727
0.543493
1.35603
0.770743
0.792462
1.13984
1.04424
1.43587
0.767795
1.40635
0.967426
0.547162
1.03804
1.40147
1.25337
1.02327
0.963562
0.904362
1.15861
1.01228
1.0798
0.985203
0.993364
0.994541
0.908964
1.46031
0.993897
0.580792
1.25897
1.70609
0.843701
0.616151
1.50755
0.71674
0.593173
0.818826
0.738314
0.822119
0.863815
0.949695
0.894597
1.0887
0.890971
0.78045
0.836755
1.32763
0.999334
0.924157
0.907422
0.8825
0.677788
1.01545
0.767347
1.04615
0.840003
0.626691
1.14188
0.529735
0.491826
0.947136
1.18936
1.72342
0.868237
0.777428
0.885981
0.985056
1.45931
0.910845
0.882354
0.967861
1.29742
1.72007
1.05389
1.11895
1.22133
0.85076
0.969323
1.15056
0.818373
1.06098
0.865123
1.36818
1.32064
0.606477
0.790929
1.10447
0.721793
0.952389
0.958515
0.961001
0.800224
1.25962
0.795048
0.742884
1.10973
0.797258
1.08698
1.64567
2.05153
0.884489
1.42024
0.575526
0.675341
1.0361
0.982475
0.910673
0.641414
1.05111
0.692271
1.62902
1.20242
0.877145
0.736649
0.959678
0.717486
0.715575
1.63295
0.843629
1.03474
0.746687
1.00241
0.705626
1.12134
1.27984
0.843468
1.1034
0.941151
0.890884
1.33975
0.545969
0.822457
0.980037
0.640288
0.951677
0.761021
1.17154
0.912328
0.769316
0.821571
0.808067
1.04883
1.12842
1.07528
1.33617
1.20614
1.92711
1.33799
0.550639
1.60862
0.753409
0.495332
0.925003
1.44614
0.665608
1.57952
0.709958
1.15595
1.00707
1.1393
0.814992
0.83651
1.6638
0.985053
0.815833
0.857547
1.08187
0.731061
0.9053
0.998786
1.3884
0.963778
1.1071
1.23834
0.492749
1.06506
0.567418
0.650804
0.864036
1.08327
0.737556
0.993101
0.799734
1.17602
1.58648
1.20953
1.3529
1.3065
0.618277
0.972467
0.883241
1.63337
0.735459
1.04827
1.33688
1.25674
0.806778
0.860903
0.736917
1.12109
0.73056
1.02395
1.19939
0.885676
0.774448
0.944867
0.875592
0.903827
0.925959
0.92577
0.611852
1.1402
0.957576
0.651183
1.01554
0.65916
0.771497
0.73599
0.628265
1.40618
0.695961
1.8854
1.39415
1.04957
1.32664
0.612924
0.968144
1.05451
1.10632
1.08711
1.47218
1.11607
1.01303
0.893682
0.547999
1.35176
1.26211
1.28527
1.38528
0.593914
0.943311
1.18707
0.953996
0.707064
0.615299
1.34435
0.766432
1.0846
1.15187
0.590429
1.37176
0.943763
0.853497
1.52152
1.16209
0.792539
1.29096
0.754253
0.864532
0.686567
1.5462
0.579847
0.696257
1.1101
0.718761
0.526381
0.887084
1.12952
0.870952
1.09994
1.1406
0.949022
1.15171
1.24971
0.958518
0.960112
0.870936
1.34895
0.747901
0.844492
1.05547
1.8286
0.47702
1.66025
0.487027
0.843753
1.00674
1.11613
0.751825
0.759585
1.23933
0.669491
0.811995
0.9879
1.03761
0.999021
0.964684
0.864598
0.782439
0.58244
1.17992
1.23987
0.739226
1.11484
1.02653
1.49601
1.38335
0.688095
0.898723
1.16884
1.17509
0.749104
0.653395
1.07711
0.872339
0.798767
0.635481
1.01205
0.588521
0.597672
1.13063
1.05483
1.09353
0.784548
1.85087
0.749702
0.774045
1.88833
0.867756
1.07628
1.29543
1.03102
1.03002
1.39263
0.925888
0.848139
0.738607
0.763259
0.878145
1.25228
1.33586
0.825132
1.04764
1.42082
0.84102
0.952273
1.09777
1.22356
0.744944
1.30326
0.945419
1.06229
0.652047
1.53437
0.778752
0.866256
1.06398
0.841054
1.08013
0.600312
0.948394
1.03154
1.26624
1.64117
1.02636
0.684892
1.11611
1.64018
1.38387
0.790985
1.2515
0.859122
0.975133
0.691315
1.37188
0.93862
1.10248
1.68224
0.818698
1.14621
0.964763
0.60599
1.92319
0.7866
1.0643
1.24074
0.839204
0.878002
0.826864
0.890374
1.21564
0.808266
0.866727
1.98601
1.19789
1.48111
0.914051
0.731753
0.912651
0.773901
0.71255
0.89454
1.19483
0.482381
0.728449
1.13869
1.18746
1.53706
1.44837
1.18266
0.653977
0.948458
0.978517
1.05689
0.808046
0.894309
1.30101
0.564869
0.910462
0.78176
1.11824
0.872699
0.68815
1.43879
1.28963
0.799026
1.15061
0.961345
0.647313
0.542729
1.01355
0.827084
1.28676
0.778714
0.959569
0.973423
1.12691
0.673595
0.893892
0.473767
1.01528
0.933696
0.826852
1.18888
0.836421
0.996817
1.87154
1.0295
0.923344
1.22437
1.66264
1.08569
0.743968
1.41509
1.34868
0.98453
0.937978
0.7422
0.564515
1.03588
1.45191
0.554699
1.00216
1.02052
0.583555
0.734175
0.83605
0.798557
1.13709
0.885116
0.851807
1.11609
0.670406
0.916498
0.935107
0.734316
0.693263
1.57747
0.785769
1.33682
0.93713
0.854274
0.906102
1.02625
1.17855
1.29759
0.879219
1.07454
0.966626
0.763591
1.04244
0.901916
0.903359
1.10461
0.945834
1.35557
0.85177
0.72628
0.682637
1.1161
0.678726
1.17203
0.735966
1.17228
2.31491
0.684011
0.966099
0.64539
1.00446
0.716848
0.819806
0.78123
0.676495
0.937223
0.919108
1.3739
0.599892
1.29232
0.726891
1.06518
0.992325
0.994987
0.93563
1.79057
1.48888
0.562651
1.34102
1.06392
1.07044
1.22838
0.999583
0.940858
0.884012
0.599727
1.02916
1.67265
1.19612
1.27261
1.18975
1.13399
0.793399
1.10254
0.912358
0.942258
1.11263
1.46432
1.07527
1.12822
0.626187
0.756823
0.824829
1.5663
1.07579
1.27245
1.01782
0.561754
1.48719
0.714095
0.779407
0.561952
1.12328
0.520221
0.870066
1.09186
0.876939
1.51773
0.731392
1.04007
0.892788
0.977449
1.22413
1.10569
0.886622
0.81141
0.57441
0.981746
1.4047
1.08142
1.10925
0.964897
1.11507
0.618703
1.02854
1.18091
2.00698
0.86343
1.32403
0.763573
1.14942
0.562099
0.940386
0.920047
0.584617
1.14273
0.593054
0.95846
1.87498
0.409839
1.22685
0.686455
1.05107
0.953907
0.841237
1.44404
0.603723
0.758246
1.11899
0.990291
0.867041
1.25729
0.766374
0.912236
0.83694
1.53021
0.97904
0.849732
1.2276
1.23718
0.613933
1.34458
1.09762
1.86515
0.880836
0.646956
1.08197
0.779572
0.732845
0.625316
0.920707
1.225
1.07499
0.96479
1.20603
0.673841
0.825441
2.08868
0.863177
1.51046
0.686107
0.719871
0.907681
0.644676
0.89796
0.911874
0.991466
1.09854
0.913377
0.807321
1.01923
1.20328
0.746201
1.02841
1.23017
0.776787
0.993845
1.19286
1.27508
0.973887
1.16028
1.26527
0.889619
1.12769
0.871607
0.718147
1.24816
1.43702
1.18271
0.709266
0.87362
0.871319
1.15474
0.925695
1.30211
0.753129
0.854846
0.44639
0.922201
1.14419
0.696743
1.06641
0.924534
0.928972
0.745139
0.555443
0.625904
0.793944
0.639244
0.509555
0.799627
0.794032
1.29167
1.05301
1.57194
1.07359
0.859923
1.16921
0.619822
1.23019
1.19064
0.690844
0.626588
0.653598
0.550503
0.805803
0.539712
1.03818
0.860534
0.754883
0.737945
1.26193
0.64956
0.820319
1.28489
1.11168
0.846435
1.05766
0.400253
1.07202
0.905218
1.43745
1.31914
1.2357
0.797324
0.92851
0.646909
1.30902
0.876127
0.523238
0.815912
0.615623
1.0089
0.673333
1.2638
1.48588
1.01791
0.901049
0.779028
1.0369
0.571184
0.735704
0.726084
0.878846
0.892915
1.62395
1.19557
1.38436
0.889068
0.768691
1.37393
0.929612
0.708451
0.752865
1.39328
0.783011
1.55436
0.81876
0.949443
0.895849
0.912184
1.21455
1.02207
1.25073
1.57069
1.5722
0.839893
1.15046
1.12746
1.75529
0.656219
0.701657
0.7018
0.972832
1.23147
0.655973
0.525711
1.34085
0.913291
0.655892
0.634738
0.932799
0.732233
1.38825
0.815352
0.859954
0.843989
0.673206
1.10947
0.903641
1.22805
0.775116
0.574712
0.432305
0.52318
1.41616
1.11085
1.05469
1.24758
1.61435
1.27526
1.75717
0.865652
0.808817
0.896903
1.15076
2.13557
0.959336
1.20408
0.866809
0.917874
0.58861
0.853941
0.776808
0.877598
0.819965
0.89721
0.733271
0.699831
0.850825
0.602163
0.819633
1.08345
1.08019
0.526369
1.3859
0.629026
0.84805
0.900115
0.636676
0.982906
1.06399
0.794086
1.03919
1.23148
1.09798
1.41881
1.13767
0.854817
0.994323
0.919159
1.10019
1.15889
1.6821
1.58484
0.991447
1.03741
1.50802
0.895291
0.676953
0.797295
0.936335
0.91139
0.743119
1.45696
0.718635
0.711644
0.766976
0.887101
0.869109
0.94741
1.04422
1.03408
1.00666
2.42004
0.829598
1.31877
1.03642
1.11467
0.545
1.01391
0.62163
0.622597
1.85867
0.735009
0.845294
1.00185
1.27122
1.43207
1.01295
0.622347
0.847921
1.03281
1.08012
2.18287
0.859071
1.07477
0.595468
1.1202
0.684741
1.08276
1.14839
0.892114
0.730181
1.51476
1.2104
0.621751
0.875312
0.929793
1.20478
0.758887
1.0745
0.667023
0.775189
0.977122
0.644902
0.82054
0.99695
1.06298
0.829843
0.967983
1.06139
1.10887
0.698833
0.871155
0.796238
1.20692
1.79391
0.663646
1.09191
0.717666
0.797235
0.752289
0.980868
0.665744
0.873207
1.36209
1.3479
0.814412
0.436665
0.662996
0.725718
0.834981
1.30359
0.695393
0.944297
0.948231
0.810871
1.05515
0.991154
0.912228
0.831206
1.04963
1.51606
1.70276
1.18188
0.903213
0.64006
1.05157
0.900327
0.685041
0.871211
0.866786
0.551301
1.75973
0.778789
0.520061
0.958386
0.933492
0.92681
0.851483
1.40624
0.679328
0.672892
1.31721
0.772838
0.737314
1.23414
0.582691
1.05475
1.65968
0.756568
0.833824
0.770322
1.01449
0.913115
0.860349
0.964845
0.90164
0.772397
0.675405
1.22653
1.2032
0.834239
0.940624
0.842482
0.9479
1.26438
0.845808
0.735272
0.982572
0.448641
0.978138
0.612115
1.00169
1.14269
1.19327
1.05545
0.670866
0.94085
1.08557
1.29684
0.944108
0.488223
1.23797
1.03368
0.968601
0.665968
1.51684
0.721806
1.68611
0.885675
0.86297
0.854152
1.25654
0.811303
1.29285
0.831273
0.79368
1.43875
1.29225
1.34921
0.792567
1.04919
0.610005
1.41466
1.08531
1.80632
0.675808
0.57739
1.31136
0.853808
0.80825
0.506586
0.639268
1.18167
1.00731
1.31879
0.759105
0.928964
0.891657
0.830626
0.961542
0.857362
0.893022
1.01704
1.18916
0.44009
1.51457
0.637521
0.730129
0.757412
0.881097
0.868703
1.17044
1.52595
1.29695
1.0898
0.738422
0.819448
0.844646
0.865028
1.1969
1.2303
1.15756
0.705193
1.44334
0.994992
1.25995
1.13235
0.911612
0.857018
0.650508
0.922311
2.27609
2.08124
0.98491
1.55986
0.887192
0.867185
0.722587
1.44004
0.664022
0.865947
0.664571
0.905626
0.90022
0.955524
1.24597
0.908507
1.10537
0.595656
0.657827
1.38015
0.968518
1.03238
1.19755
1.12425
2.40318
0.867347
0.602631
0.912652
1.10953
0.998164
0.841917
0.766
1.00215
1.59282
0.92635
0.700232
1.27207
1.53941
1.20867
1.50586
1.39243
0.801237
0.84838
0.813719
0.811031
1.54027
0.859042
1.62875
0.972065
1.55596
0.793187
0.925629
1.10739
0.983494
0.728269
1.31403
1.13316
0.915458
0.858472
0.669301
1.31706
0.697462
0.475895
1.44236
1.05836
1.53325
0.639424
0.74265
0.921745
1.0441
1.09408
0.836253
0.619505
1.01936
1.51687
1.18848
1.19705
1.3428
1.82081
1.12391
0.745224
0.768646
1.12132
0.834968
0.879484
1.11843
1.09673
0.955716
0.793615
0.842782
0.705202
0.621884
1.0605
1.153
0.88291
1.44181
0.949291
1.1312
0.690845
1.02831
0.848356
0.766433
1.71613
0.884213
1.12095
0.871076
1.19246
0.859088
1.01162
1.6269
0.779968
1.25732
1.10779
1.54511
0.481292
0.935896
1.35308
0.897299
1.08386
0.674776
0.94368
0.725566
1.1466
0.87823
0.836015
0.95584
1.28326
1.22491
1.41718
0.714563
0.97785
0.73533
1.13162
0.675087
1.04438
2.25402
0.776815
0.898682
0.872689
1.12377
0.879876
1.02444
1.74159
0.89421
1.14558
1.02951
2.15505
0.706759
0.78906
0.972704
0.909622
1.32508
0.658513
0.96917
1.3166
1.09733
0.926015
1.06821
1.28249
0.89284
0.907757
1.07746
0.606878
0.554262
1.93646
1.11892
0.625642
1.14507
0.880619
1.57386
1.23153
1.56268
1.40031
0.999779
0.689787
1.23641
0.801983
0.845272
0.650697
0.895509
1.31366
0.709579
1.08824
1.02755
0.722174
0.763959
1.27239
1.24438
1.2126
0.686331
0.781309
1.17502
0.951299
1.12025
0.456839
1.01518
1.06281
1.08889
0.959206
1.03679
0.56976
0.730262
1.0379
1.91576
0.642067
1.14996
1.05492
0.671047
1.30539
0.796676
1.0391
0.507347
1.20434
0.46508
0.66879
0.966826
0.736536
0.77972
0.967264
1.0955
0.853553
1.42956
0.922207
1.52083
0.827472
1.75054
1.10429
1.02735
1.33719
0.654809
1.21908
2.54354
0.733609
1.37004
1.0517
0.966407
1.6308
0.837806
1.28703
1.02126
0.712597
0.755546
1.12252
0.540047
1.37691
0.965383
0.813139
1.15721
1.50685
1.1262
1.13032
1.22307
0.831433
0.894582
1.16201
0.830775
0.947517
0.885512
1.09549
1.04562
0.817868
1.60364
0.857717
0.893413
0.786843
0.999025
0.869322
1.02881
1.02125
1.80504
1.28599
0.758692
0.636469
0.630026
1.23111
0.756232
1.07126
1.06041
1.12449
0.815405
1.10724
0.933177
1.92438
1.13165
1.32382
1.19847
0.910757
1.47371
1.0673
0.59122
0.616555
0.75334
0.847165
1.73671
1.05979
0.973809
1.3542
0.96718
1.91271
0.765738
0.82199
1.30348
0.905312
0.770356
1.08245
0.958258
1.00964
0.928731
0.756496
0.842191
0.958719
1.64335
0.71653
0.823155
0.745559
0.881174
1.15825
1.53473
1.15841
0.721829
0.785518
0.878235
0.541313
1.16522
0.620213
0.654035
1.24314
0.839179
1.17713
0.851357
1.44649
0.809349
1.21697
0.728504
0.616097
0.960589
0.885201
1.66792
1.28064
0.887744
0.8566
0.940987
0.898295
1.17172
1.52596
0.755725
1.07866
0.667786
0.936617
2.16302
1.31172
0.850354
0.745122
0.828084
0.918381
1.34361
0.753863
1.17143
0.986675
0.791457
0.633689
0.648914
1.35656
1.26886
0.879601
0.873893
0.390232
1.29682
0.733371
1.48757
0.677672
0.900854
1.09207
0.926834
1.06639
1.29271
0.860083
0.95785
1.06881
1.42778
1.2106
1.04173
0.894043
1.57973
1.23745
1.31099
1.08526
1.09046
1.17086
0.677604
0.657793
1.02222
0.879642
0.675348
0.65838
1.66476
1.40908
0.768654
0.811195
1.24943
0.584849
0.855921
0.719853
0.825898
0.879033
0.886034
1.09417
1.09577
1.19605
0.63529
0.359298
1.16872
0.778992
1.01851
1.14847
1.84551
0.760352
0.738292
1.03869
0.959282
1.43862
0.920922
1.11002
0.883272
0.805388
0.906742
0.766615
1.10681
0.703517
0.994228
0.767062
2.02952
1.26154
0.905045
0.71239
1.14561
1.68337
0.817636
0.86761
1.27289
0.796857
1.17273
0.651902
0.705039
1.47357
1.21504
1.90318
1.20786
1.28185
1.18532
1.01287
1.57835
1.00961
1.0253
0.83018
0.977044
0.842694
1.76302
0.820445
0.99325
0.87399
0.790137
1.18982
0.845651
0.848921
0.663529
1.11871
1.03013
0.630267
0.571506
0.779207
0.77371
1.48501
1.32322
1.39413
0.927185
1.02084
0.952162
1.0209
0.834455
0.830201
1.17774
1.12391
0.888406
0.856144
0.778883
1.03922
0.952479
0.864354
1.0407
0.949114
0.604488
0.697774
1.15678
0.745987
0.671091
1.02407
0.715255
0.940562
1.43095
0.937489
1.12896
0.899423
1.06196
0.96285
0.952229
0.529804
1.06297
0.696491
0.986876
1.19242
0.813822
0.961223
1.01977
0.951047
1.45848
0.599144
0.87069
0.887502
0.611849
0.814344
2.14154
1.64019
1.05872
0.952532
0.799918
0.691816
0.920396
0.705734
1.08617
0.653484
0.892045
1.42388
0.725782
0.94295
0.845134
1.07778
1.00045
1.30751
1.39392
0.67183
1.13059
1.34367
1.15173
0.470014
0.694416
1.42813
1.59608
0.907594
1.22388
1.15269
1.01248
0.686886
0.815082
0.867436
1.18846
1.25203
0.848973
0.910407
0.792565
0.618434
0.604568
1.08959
0.756455
1.40864
1.05186
0.950048
1.74611
1.38752
0.799687
0.792769
1.2436
0.605357
1.03116
0.884125
0.83238
1.09055
1.64192
0.790147
1.53437
1.83271
1.01215
0.79078
1.50995
0.89583
1.64552
0.915314
0.605365
0.544786
1.17057
0.824389
1.09127
1.09638
1.14511
1.10415
1.31764
0.747971
1.213
1.4928
0.58833
1.48799
0.658498
2.07046
0.855598
0.813103
0.788571
0.595
0.769625
0.652021
0.738073
1.04429
1.00628
0.834992
0.659276
0.830419
1.11305
1.12413
1.47742
1.40683
1.22297
1.10144
1.00582
0.788647
1.00629
0.791082
0.977523
0.432415
1.08919
0.833157
0.772097
0.884153
0.868118
1.16222
1.0096
0.991041
1.16292
0.913618
0.4917
1.16419
0.509406
0.982526
1.21768
1.02153
1.2845
1.08015
0.911724
0.943183
1.07732
0.763513
0.946168
1.18099
1.21692
1.01848
0.971986
0.598231
1.11446
0.943467
1.28393
0.899824
0.959562
1.14638
0.809498
1.92287
0.706229
0.604928
0.90255
0.843251
0.929765
0.933138
1.33421
1.1125
0.985964
1.08217
1.02825
1.74927
0.80106
1.34095
0.987668
1.10863
1.23265
0.642508
0.629044
1.0919
1.06489
1.09719
0.553003
1.08599
1.28414
0.746912
0.616343
0.751292
0.755162
0.931446
0.828822
1.14831
1.48172
1.62811
1.25305
1.18107
0.666554
0.608175
0.981684
0.739603
1.96717
0.679476
1.66395
0.71165
0.791088
1.16878
0.532118
0.78181
0.79252
0.67473
0.707206
0.875008
0.723459
1.04276
1.17023
0.778677
0.607778
0.946929
0.881299
0.630839
1.11647
0.663878
0.63492
0.590337
0.702735
1.56826
1.49797
0.806035
1.03785
1.0548
2.78044
0.719091
0.880192
1.34636
1.25368
0.460653
0.961269
0.875655
1.18454
1.05161
1.34858
0.718851
0.95614
0.627363
0.96355
0.911044
0.938116
1.32865
0.972437
1.34306
0.667353
1.04894
0.766329
1.02414
0.957414
0.741797
1.05608
0.624794
0.555541
1.24228
0.826721
1.59292
0.522086
1.2745
0.997842
0.811606
1.16016
0.721611
0.8117
0.739984
1.12088
0.816121
1.21667
1.22792
0.667667
0.788038
1.06361
0.868874
0.883569
1.11445
0.903673
0.843277
0.810752
1.19739
0.847873
0.724111
0.741663
1.05616
1.2824
1.04129
0.761141
0.777069
0.585849
0.805836
0.976741
0.510258
0.992143
1.73924
1.28013
0.920552
0.950762
0.903094
0.830655
0.561768
1.10172
1.12785
0.692952
1.04401
1.23866
0.869307
1.76151
0.902062
1.04938
1.03968
0.588118
1.07308
1.13523
1.04091
1.21234
1.09542
1.54461
0.829233
0.843946
0.607314
1.41921
0.584761
0.639692
1.26745
0.631974
0.498088
0.843743
0.961482
1.25201
1.11697
1.28023
1.2153
0.831897
0.845164
0.790665
0.934864
0.620722
1.45439
0.950338
1.23829
1.14004
0.898958
0.769216
1.07985
0.893411
0.908502
0.583225
0.579633
0.774718
0.898664
0.980154
0.874885
1.61419
1.55667
0.863183
1.24781
2.33888
0.945207
1.24967
0.658306
0.647321
1.75049
0.821874
0.885487
0.665044
0.538147
0.95679
0.542297
1.04154
1.06339
0.682807
0.756075
0.689922
0.942529
0.517852
0.863641
0.921252
0.533296
1.04472
1.29601
0.83717
0.801586
0.934168
1.08876
1.20808
0.971723
1.14996
0.859638
0.83166
0.998536
0.652424
0.833188
0.895358
1.59036
1.37093
1.02914
0.979649
1.19388
0.855143
0.708507
1.06668
1.71385
1.11914
1.28637
0.697864
0.829533
0.966133
1.91347
1.02808
1.00776
1.48739
0.827343
1.42978
1.34262
1.07641
0.799662
0.939849
1.91392
1.16965
0.963041
1.07464
0.785085
0.738904
0.819625
0.891982
0.585579
1.79868
1.24778
1.34631
1.0842
0.436227
0.917612
0.834162
0.736334
1.41909
0.694736
1.66066
0.73156
0.802574
0.849659
0.765932
0.864695
1.46977
1.12595
1.10559
1.41083
1.35244
1.24079
0.973599
1.22986
0.982262
0.911108
0.740947
1.28266
1.27275
1.16171
0.889373
0.694509
0.49566
0.871937
0.902235
0.776545
0.715407
1.10692
0.89393
1.31729
0.979634
0.804422
0.973756
1.13792
0.849043
0.799804
0.884661
0.917997
1.51784
0.915581
0.92689
0.92412
1.12884
1.1596
0.925909
0.805776
0.533988
1.33756
1.09881
0.953911
0.852279
1.1751
1.28599
0.94682
1.52019
0.669971
1.2849
0.717071
1.01641
0.846118
0.833323
1.17688
0.889422
0.8485
0.629138
0.970792
0.797315
0.936523
1.36724
1.31766
1.46472
0.867668
0.861672
0.820887
0.548888
1.14589
0.705837
1.0125
0.727423
1.0408
0.866249
1.08428
0.784099
1.08681
0.739728
0.64163
0.949569
0.911298
1.31017
1.16411
1.19273
1.56243
0.842268
1.07794
0.920188
0.841312
1.01821
0.611418
0.721898
0.933332
0.816189
0.929738
0.98112
0.730853
1.38148
0.97866
1.12235
0.765615
1.38721
0.823786
1.29475
0.612904
0.767651
1.17852
1.42565
1.16225
1.43471
0.980137
0.781938
1.1227
1.01356
0.964229
1.36744
1.62729
1.24798
1.30595
1.12589
1.36747
0.871741
0.87781
0.923924
0.683977
0.70571
1.0458
1.08193
1.22217
0.975533
1.59487
1.38967
1.13816
1.36203
0.559646
1.15592
0.712732
0.500631
1.48763
1.18912
1.21675
1.51125
1.26936
1.07209
1.16104
0.928169
0.829391
0.72256
1.40592
1.24369
0.818071
1.05493
1.02533
1.00482
1.18393
0.717825
1.13078
1.40915
1.0038
1.30568
1.15825
0.962922
0.919923
1.04053
1.07344
1.04494
0.988874
0.343019
1.14336
1.24919
0.834633
1.33371
1.05851
0.949492
1.11654
0.535182
0.986053
1.00596
1.09912
0.936395
1.47418
0.676214
1.00193
1.10894
1.03452
0.906209
1.56965
0.696051
0.760284
1.0422
1.2685
0.687775
0.871979
0.837201
1.67944
1.30268
1.01647
1.27207
1.12579
1.31817
0.924388
1.22676
1.00034
0.927448
1.04835
0.817974
0.828898
0.759598
0.734925
0.884657
0.926142
0.823255
0.968284
0.807585
1.09217
1.29456
0.499899
0.544892
0.714221
0.850338
1.34145
1.16444
1.29984
1.59159
0.82017
0.589502
0.574688
1.61194
1.73959
0.641413
1.34916
0.743247
1.32014
0.687362
0.498762
0.902661
0.831115
0.933553
0.921939
1.05295
1.34639
0.860934
0.878862
0.960158
0.754566
0.885224
1.04079
0.791181
0.747427
0.723568
1.05915
1.20184
0.887178
0.817355
1.15462
0.520037
0.736476
0.97457
1.16582
0.701605
0.956072
1.19242
1.04118
0.661071
0.872605
0.905015
0.689407
0.966151
0.70172
0.920802
1.3808
0.550035
1.26789
0.638037
0.738355
0.789982
0.699689
0.908671
0.471759
1.26964
0.936533
0.969513
1.42327
1.53364
0.891236
1.04635
1.38106
1.25454
1.01672
0.644489
0.744239
0.927728
0.996533
0.785719
0.94745
0.518557
0.687907
0.887341
1.03555
0.969506
0.424373
0.769062
0.768042
1.11149
0.979682
0.683294
0.979477
1.41817
0.747524
1.03243
0.766456
1.13757
1.3248
0.740756
0.990865
1.32045
1.23665
0.765698
0.949987
1.40176
0.577818
1.0972
1.33442
0.555467
1.64307
0.77378
1.37295
1.24484
0.894082
1.41647
1.1575
0.938377
0.850796
1.71171
0.825046
0.772554
1.19711
0.940361
1.38951
0.944699
0.764039
0.940565
1.3261
1.00717
1.20198
0.916482
0.749508
0.918473
1.24712
0.973016
0.964682
0.859757
1.29786
0.855069
0.739559
0.933971
0.807705
0.574806
0.945583
0.579442
0.936677
1.17056
0.55228
0.570873
0.716531
1.41099
0.938174
1.45045
0.690286
0.94478
0.728731
1.09396
1.11892
1.02847
0.877653
0.780169
0.709138
0.956949
0.749606
1.18253
0.935891
1.35329
0.916841
0.862216
1.44457
0.819342
0.715523
0.908664
0.946909
0.842082
0.843392
0.956233
1.38525
0.821897
0.783297
1.43513
1.60045
0.927577
0.520211
1.20666
1.81194
1.46321
1.11397
0.956082
1.31658
1.04037
0.970028
1.54437
0.791406
0.98316
1.55667
0.818647
0.5772
1.00639
1.21034
1.36947
0.961363
1.08265
1.17141
1.29773
0.828147
1.06101
0.780991
0.495108
0.684794
1.3681
1.1702
0.858133
0.964386
0.857926
0.973079
0.807019
1.07417
1.18491
1.67907
1.01556
0.722406
0.788836
0.748176
0.818318
0.625809
1.01541
1.02472
2.26454
0.523088
0.774055
0.858407
1.38185
0.465234
0.893342
0.612175
1.32923
0.733668
1.16595
1.07455
0.64614
1.30684
1.07704
0.664503
1.77515
1.09661
0.382292
0.810579
0.782907
0.671529
0.800504
0.694456
0.897801
1.12639
0.577863
1.21369
1.20874
1.479
0.720102
1.01366
0.637237
0.963103
1.3553
1.00294
1.11544
0.781628
1.41494
0.678563
1.14729
0.763479
1.43314
0.981318
0.846891
0.659542
0.996035
1.09348
1.36472
1.07063
0.787279
1.33986
1.38559
0.81803
1.25722
0.789951
0.911664
0.57611
0.563934
1.18335
0.965083
0.838412
0.568351
1.25041
1.146
0.609773
1.28436
0.39409
1.22178
1.22144
1.40154
0.768789
0.790373
1.14685
1.23419
0.599832
0.930721
0.772778
0.582561
1.0494
0.732112
0.771494
0.832525
0.948196
1.01931
1.4199
1.1279
1.05024
1.07682
1.19014
0.864052
0.795551
1.38469
0.638731
1.39965
1.41968
1.03288
0.831232
1.00893
1.40403
1.04592
1.11862
1.35306
0.748389
0.85174
0.851569
1.11364
1.04323
1.50156
0.956269
0.849761
0.720324
0.879223
1.02262
0.953221
0.603731
0.790733
0.851124
0.728835
1.10496
1.3109
1.05484
1.15601
1.30568
0.817006
0.702976
1.16741
1.11298
0.49855
1.51647
0.762718
0.951235
1.29644
1.0546
1.03365
0.4955
0.869606
0.742778
0.947885
0.619488
1.09149
0.840075
1.15896
1.16934
0.845199
1.08246
0.992089
0.811845
0.589386
0.885567
0.696317
1.53397
0.804285
0.493588
0.817637
1.26105
0.995273
0.769199
0.687341
1.35921
0.701821
1.03373
0.949711
0.690423
1.90966
0.707048
1.19898
1.03295
1.12824
1.25439
0.485552
1.29014
0.677202
1.2361
1.31219
1.07263
1.59298
1.03154
1.39336
1.01447
0.976972
0.926796
1.05202
0.839067
0.836092
1.37552
1.52581
0.424419
1.00571
0.954671
0.871462
0.998773
0.54295
0.948468
0.645667
0.993328
0.952132
0.899079
1.0008
0.820926
0.800591
0.688891
1.29164
1.11128
1.5431
0.991092
0.977148
1.4171
1.06495
0.938277
1.06634
0.745004
0.806499
0.993387
1.01956
0.776245
1.26421
1.12268
1.29139
0.603811
1.10512
0.793724
0.783937
0.827553
0.550191
1.0883
0.949235
0.897313
0.824298
1.04507
1.09343
0.861184
0.693695
0.771665
0.827386
1.13515
0.628813
1.33227
0.996698
1.67146
1.09131
1.15899
0.991346
0.905355
1.95959
1.04996
0.979631
1.43614
0.768868
1.06848
0.806388
0.587899
1.46067
1.32459
0.374919
1.33142
1.14694
0.733458
1.24519
1.06202
1.41473
0.873279
1.00559
0.799082
0.864505
1.28122
0.886932
0.721774
0.686473
0.833946
0.947356
0.808073
1.13363
1.04566
1.85722
0.799303
2.11918
1.78094
0.888855
1.279
0.735335
0.749999
0.613032
0.990462
0.795254
1.01107
1.33632
1.242
1.53702
1.27491
1.49356
0.788572
1.18223
0.865489
1.22245
1.12617
0.927508
0.883282
0.901278
1.40977
1.20589
0.861204
0.699691
1.37766
1.41278
0.435505
0.734235
0.79587
1.40413
1.0389
0.881948
0.769314
1.14434
0.934667
0.878918
0.77119
1.08021
1.18434
1.17631
0.987303
0.963906
1.03156
1.30631
1.62256
0.6773
0.903298
1.21955
1.48131
0.92292
1.35054
0.778798
1.22369
0.888633
1.64889
1.16079
0.992856
0.51778
0.969009
0.647796
1.34125
1.15264
1.06407
0.808025
0.976478
0.647881
1.12394
1.31538
0.974459
0.918561
1.24605
0.867073
0.850246
1.1826
1.14885
1.0586
0.967767
1.35806
1.1563
0.724031
0.630598
0.484566
1.08212
1.76035
1.48081
1.60262
0.704427
1.85895
0.969925
0.849938
0.833839
1.15369
1.24803
0.654066
0.681718
1.46089
0.651312
1.03911
0.983101
0.882132
0.921725
1.0206
0.598472
1.35929
1.02673
0.497771
0.879546
1.29684
0.925633
1.17411
1.13689
0.66313
2.08725
0.941602
1.65389
0.742367
1.17953
0.566548
1.13912
0.745203
0.718712
1.73155
1.18684
0.911446
1.29432
1.2689
0.801014
0.923175
0.768812
1.35971
1.20333
0.861647
0.600331
0.761935
1.34621
1.3272
1.2665
0.539517
1.02721
0.654818
1.33949
1.00134
0.81624
0.64322
1.26765
0.974476
0.826337
0.8547
0.971586
1.1743
0.779851
0.608776
1.01515
0.788774
0.794573
0.903521
0.900365
1.21127
1.56366
1.44107
0.549462
0.769801
0.999058
0.684872
1.11777
1.26325
0.608238
2.09812
1.11158
1.18143
0.845135
1.40443
0.936644
0.931615
1.02967
1.04911
1.12651
0.846474
1.5404
1.1539
1.31306
1.34016
0.505676
0.712508
0.837022
0.921255
1.1743
1.00495
0.763869
0.528719
1.4419
1.79916
1.25976
0.972941
0.966993
0.860045
1.11501
0.859564
0.887805
0.97419
0.821483
0.757964
1.19498
1.03254
1.22578
0.920916
0.86709
0.970732
1.18142
0.890667
0.785881
0.810753
0.846196
0.624372
0.717546
1.09668
1.874
0.872324
0.838358
0.698642
0.90079
0.801656
0.695219
1.05869
1.00714
0.682741
0.933358
0.842318
0.803694
0.836612
0.624474
0.545851
0.829325
0.91687
1.40643
0.546011
0.727991
1.2013
0.784188
1.25585
0.716933
0.479228
0.903214
0.741664
0.742786
0.751482
1.18211
1.15434
1.46134
0.586274
1.09083
1.07926
0.920975
1.17434
0.853528
0.99408
0.888689
0.736115
1.20553
1.80809
1.17784
0.814055
1.87802
1.11611
0.810435
0.743426
1.28932
1.05213
0.555404
1.14804
0.762557
1.47156
0.934615
1.4129
1.30004
1.17171
0.928753
0.993197
0.742335
1.13561
1.33918
0.730286
1.37721
0.511895
1.15018
0.966655
1.03926
1.51415
1.0005
0.798387
1.18167
0.561094
0.979209
0.997405
0.999643
0.895807
0.470006
1.03258
0.685032
1.04762
1.16176
0.971699
0.833868
1.04499
0.856121
1.10039
0.736038
1.34979
1.32404
0.631912
1.04178
0.792437
0.940838
0.780517
1.61854
0.998533
1.26895
1.26913
1.15164
1.00962
1.49443
1.4593
0.701662
1.78904
0.72852
0.901269
0.884919
1.09462
1.05367
1.41859
0.829669
1.09138
1.09958
0.992631
0.647192
1.02642
0.810364
1.81586
0.558066
0.791558
0.856758
0.782278
1.24584
0.93302
0.57826
1.11391
1.35345
0.999952
1.62821
1.02069
0.84281
0.745613
1.35036
1.52009
1.07702
1.31966
1.88144
0.777946
1.064
1.20888
0.784125
1.31844
0.5002
0.841169
0.873309
0.959802
1.04549
0.850531
0.437479
1.30711
1.43288
1.27527
1.02829
0.530392
1.23563
0.970388
0.612367
0.665434
0.874758
1.01447
1.43282
0.496739
0.930708
0.678644
1.19699
1.31679
1.06002
1.06488
0.803171
1.23603
1.18296
0.876466
0.859579
1.13572
0.961473
0.779612
0.768616
0.88733
0.7272
0.610129
0.898203
1.09833
0.854804
1.158
1.55112
0.518421
0.678257
1.08943
1.08528
0.814115
0.952982
1.05641
1.51182
0.947223
2.20603
1.02216
1.03184
0.574989
1.63515
0.723136
1.04355
0.729978
1.19034
0.893056
0.787404
0.671296
1.36788
1.06122
0.635033
0.995431
0.589645
0.994574
1.02995
0.883597
0.690693
0.767791
0.944528
1.34386
0.61846
1.11409
1.1761
0.648547
0.946297
1.06756
1.31533
0.668656
0.895682
1.2223
1.54924
1.02416
0.827653
0.839837
0.960103
0.885422
1.26544
0.894601
0.843184
0.780697
0.93635
0.909871
1.21672
0.52141
0.885784
0.877138
1.00956
1.06072
0.584947
1.20886
0.835349
0.849908
1.27686
1.37038
0.58534
1.19
0.867495
1.10799
1.62231
0.894982
1.11626
0.57455
0.796678
0.761104
1.27066
1.01027
1.16056
0.680653
1.17568
0.82556
1.10616
0.849706
1.48323
1.91083
1.10496
0.870447
1.48854
1.43129
0.510578
0.837027
0.887818
0.877134
0.844103
0.473658
1.36817
0.748382
0.834333
1.2058
1.0612
1.01165
1.16433
1.00329
0.632589
1.15309
1.63354
1.35185
1.03244
0.911531
0.843515
0.736253
1.01656
0.873519
0.931902
0.852937
1.07289
0.967221
0.946151
1.4377
1.19605
1.03286
0.949373
1.58329
1.00139
0.604936
1.21485
0.903376
0.539572
1.3878
0.763704
0.873241
1.1504
0.593629
0.562209
0.949076
0.931974
0.703601
0.94777
1.72534
1.04
0.914433
1.56383
1.20529
0.713696
0.788633
1.37041
1.08042
1.40933
1.14813
0.755496
1.26098
0.815192
0.896179
1.00785
0.878045
0.893706
0.81278
0.555162
1.30945
0.61283
0.81138
0.822589
0.7614
1.41151
1.2953
1.23125
0.816295
1.12308
0.927076
0.756018
0.894981
1.13898
1.54879
1.19149
0.827971
1.04067
1.60573
0.79824
0.667039
1.02942
0.725647
0.899874
0.810562
0.962245
0.982732
1.31023
1.03751
0.999749
0.657733
0.675813
0.930583
0.608424
0.721509
0.8461
0.526654
1.0812
0.999578
0.665666
1.47313
0.900196
0.963134
1.06807
1.50539
1.32464
0.838998
0.87398
0.710518
0.868602
1.11464
0.961435
0.645387
1.14678
0.841864
1.2731
0.882391
0.720993
1.54017
0.653633
0.972271
0.922611
0.627491
1.26757
1.15545
1.02721
1.03976
1.41641
1.04535
1.14032
0.949482
0.989884
0.93502
1.44467
0.876899
1.08958
1.49137
1.00023
1.29179
1.01866
0.957542
1.10662
0.687999
1.25151
1.0245
0.783318
1.06965
0.775356
0.490834
1.048
0.949245
1.37932
0.956041
1.713
1.28595
0.832611
0.638002
0.936891
1.05971
1.3497
0.533086
1.53898
0.968332
0.910643
0.760816
1.18235
1.22184
1.32135
1.0164
1.32385
1.2539
0.855502
1.18158
0.853542
1.07727
0.736359
0.788868
1.47782
1.28047
0.668834
1.88869
1.32609
0.886651
0.902428
0.803126
1.17503
0.723548
0.635859
1.38422
1.08468
1.02692
1.03052
0.419848
1.06952
1.60296
1.07343
1.01448
1.48696
0.940911
1.31833
0.82128
0.843103
0.774912
0.860083
1.04648
0.688729
0.673259
0.985895
1.13983
0.880537
0.833934
1.30462
1.18949
0.967552
0.878953
0.684297
0.876534
0.905934
1.24616
1.16213
0.755702
0.713833
1.92779
0.723831
0.936545
1.16768
0.890369
0.62194
1.17853
1.34124
1.36135
1.17806
0.756
0.440695
1.01665
1.13871
1.22739
0.868923
0.591862
1.04283
1.03124
1.26317
0.914436
0.796562
1.00924
1.27873
0.998418
1.22945
0.864676
0.716437
1.50879
1.13818
0.819794
1.17307
1.08715
0.959304
1.26456
0.971214
1.09328
0.863662
0.887226
0.80774
0.847166
0.692493
1.09803
1.10591
1.03737
1.17522
0.880639
1.35263
0.815827
0.86606
1.29011
0.839486
0.411695
1.24573
0.87991
0.962354
0.904622
1.12082
0.787851
0.729614
0.786495
1.33466
0.668031
0.579755
1.00999
1.65483
1.14854
1.4336
0.811057
1.07579
0.82334
1.89426
0.801439
0.985608
0.558984
0.859068
1.03451
0.824278
0.878947
0.622378
0.692063
0.65386
0.551158
0.922617
1.01861
1.17054
0.688898
0.610027
1.21707
0.764711
0.871295
0.577715
1.14251
1.11543
1.01659
0.78093
1.38647
1.17377
0.946303
0.647841
0.920921
0.98716
1.08573
1.02779
1.77435
0.775733
1.07123
1.27482
1.70179
1.18345
0.709926
0.638608
1.26436
0.738493
0.950142
1.38505
0.920572
0.529122
0.969251
1.17339
0.76542
0.757122
0.826893
0.691137
1.07685
1.67024
1.00339
0.936871
0.678945
0.839684
0.659585
1.03496
0.825737
0.825242
1.35675
0.460075
0.568786
1.07467
1.45401
1.26221
0.967886
1.08956
0.759557
0.861821
0.71041
1.11852
1.34308
0.894661
1.47076
0.80986
0.65328
0.813363
1.02654
1.41676
0.745194
0.815546
1.44948
1.04888
1.31697
1.10042
0.624923
0.498166
1.14973
1.28847
1.19916
0.665646
0.941601
1.30313
1.16656
0.855945
1.03099
1.27286
0.992568
0.97345
0.967466
1.18743
0.816339
0.758815
1.78266
1.6299
0.885313
1.24053
1.40642
1.19057
1.0536
0.815224
1.04276
0.482696
0.673569
0.665473
0.930544
0.733576
0.652641
0.677344
0.903086
0.752181
0.746167
0.77029
1.25543
0.964142
1.01394
0.684743
1.6303
0.545246
1.13618
0.819802
0.832946
0.573635
0.667014
1.12207
0.777802
0.653873
1.62271
1.2231
1.15262
1.08483
0.969787
1.03521
0.918098
0.934228
1.32676
0.862542
0.971716
0.871592
0.888547
1.03826
1.21039
0.617947
1.26017
0.915889
0.855498
0.64471
0.794815
1.13142
0.978055
1.05936
0.862747
1.19926
1.13298
0.76119
0.660063
0.655757
0.904311
1.0851
1.14587
1.36819
1.45381
1.03891
1.19563
0.542304
0.914314
0.811959
0.948671
0.52902
0.697226
0.748062
0.745287
1.74543
0.762026
1.27813
1.40055
0.807967
0.824472
1.12473
1.52653
0.971201
1.44473
1.0688
1.87331
1.02253
0.587577
0.726202
0.923439
1.03568
1.06259
0.742552
2.26388
0.981043
1.09091
0.585282
1.48697
1.36009
0.8786
0.800284
1.01753
0.632977
1.37242
1.27615
1.44948
1.01498
0.81194
0.909006
1.35164
0.526627
0.701165
0.810029
1.12363
1.3892
0.841036
0.958484
1.25345
1.1963
0.550657
0.693057
0.785676
0.967847
0.791633
0.51564
1.43925
0.641507
0.859559
0.730321
0.521145
0.766951
0.843534
1.20593
0.85212
0.838623
0.871259
0.80995
0.98995
1.05963
1.01154
1.10548
0.819958
1.38438
1.13443
1.131
1.47046
0.723624
1.78395
0.798471
0.803553
1.1737
0.883931
0.692366
0.987115
0.962364
0.555491
1.04914
1.24622
0.576388
1.43425
1.17841
0.919387
1.03107
1.47562
0.587886
0.624658
1.40013
1.66656
0.954431
1.09423
1.20088
1.07201
0.664813
0.919359
0.877219
1.19431
1.05639
0.846028
0.787566
0.928418
0.998098
1.26754
0.848378
1.50438
1.64775
0.980295
1.05533
0.78152
0.770606
0.980052
0.926022
0.989837
0.986846
1.72078
0.911387
0.639711
0.624275
1.00091
0.486464
1.32448
0.939767
1.42248
1.13516
0.973104
1.3652
1.30538
0.731968
0.548898
0.775225
1.42372
0.913408
1.72381
1.39962
1.55556
1.13878
1.11905
0.856644
0.994928
1.14595
1.46914
1.01415
1.41801
1.14204
0.892009
0.711797
0.583322
0.91651
1.99212
1.17426
1.12672
1.42545
1.09416
0.787679
0.646347
1.12817
1.37383
1.21442
1.43196
1.16357
1.21829
0.767887
1.60239
0.925841
0.786
1.05737
0.650585
1.41121
0.845752
1.24449
0.590253
0.815611
1.41987
0.896024
1.44322
0.990159
0.587433
1.47973
0.601629
0.81285
1.41964
1.28457
1.53193
0.704016
1.1717
0.811931
1.28519
0.72869
0.881437
1.00282
1.78678
0.620579
1.66321
0.548386
0.781872
0.909705
0.666167
0.73284
0.929896
1.32406
0.669507
0.921545
1.02623
0.630149
0.763015
0.83634
2.77543
0.999945
0.971214
1.45552
0.732377
0.953348
0.801931
0.9624
1.35484
0.773028
1.19244
0.487851
0.874128
1.32178
0.766748
0.475794
0.799372
1.25545
0.983108
1.20804
0.749966
1.21066
1.61657
0.985594
0.714384
1.02591
1.20066
1.31843
0.522617
1.23717
1.07133
1.52912
1.05779
1.02936
0.537093
0.732158
1.19426
0.533061
0.708383
1.07987
0.910644
1.03919
0.968868
0.861922
0.863772
0.742455
0.744756
1.01877
0.935011
0.811674
1.38577
0.549475
1.42163
0.710986
0.671289
0.634457
1.26026
1.0009
0.419866
0.920403
0.606077
1.19329
0.729635
1.5467
1.09702
0.913274
0.980651
0.443877
0.947097
0.912872
1.54808
1.13437
1.37008
0.731059
0.633287
0.761758
1.15451
0.898468
1.00925
1.39386
1.07562
2.17724
1.32084
1.21559
0.672018
0.608809
1.02087
1.21947
0.496349
0.828094
1.13694
0.795252
1.14464
1.20093
1.23216
0.60296
1.49871
0.513965
1.23607
0.961891
0.567339
1.22864
0.946702
1.15811
1.34584
0.650288
0.619816
0.943156
1.13463
1.09559
1.48945
1.65015
0.908294
0.836165
0.685
0.757831
0.811805
0.957187
1.55817
1.95331
0.936027
0.895679
0.792117
1.39871
0.748581
1.03244
0.980279
1.28984
0.769905
1.10978
0.878265
1.33745
1.19805
0.860958
1.14172
0.84311
1.14799
0.822151
0.77064
0.721303
1.03927
0.582917
1.16137
0.777021
0.87658
0.835026
0.759744
1.18412
1.12447
0.464632
0.86082
1.14729
0.809468
1.01914
1.04654
0.905244
0.723781
1.88745
1.07152
1.22283
1.0274
0.854174
0.780312
0.647499
1.46653
1.51718
1.06929
0.862418
1.12999
0.596365
0.776663
0.835043
0.806499
1.25524
0.864834
1.2642
1.31349
0.815888
1.14708
1.02779
1.22158
0.808684
0.685136
0.872469
1.0575
0.903971
1.06743
0.823925
0.818674
1.01989
0.705384
0.624168
0.834047
0.841324
1.24507
0.857169
0.944929
0.865503
0.795853
1.03994
1.24703
0.72569
0.5316
1.61894
0.928799
1.04532
0.996216
0.696026
1.29248
1.34104
0.676328
0.88637
0.726267
0.832951
0.591749
0.926514
0.783676
0.992559
1.02337
0.568894
1.07221
1.24765
0.885558
1.07875
0.637607
1.21347
1.44265
1.26236
1.00702
0.632221
0.60805
0.849448
0.986626
1.00128
1.12545
0.987194
1.2691
0.88264
0.6459
1.16776
1.48552
0.669788
1.09592
0.656128
0.753424
0.955562
1.00617
1.27481
1.38778
0.949048
0.636361
0.800091
0.998485
0.918996
0.681737
0.787135
0.854426
1.19069
0.895281
1.08192
1.30499
0.369364
1.07088
1.25675
1.09971
1.63518
0.595901
0.80998
0.660767
0.661541
0.674715
1.12039
1.84483
1.09882
0.71705
1.17293
0.652523
1.40436
1.25558
0.933548
0.793317
1.05633
0.418445
0.650536
1.07309
1.25133
1.30116
0.785187
1.28958
1.76499
0.696235
1.4178
1.35853
0.775444
0.843969
1.68718
0.726668
1.44938
0.953861
1.03293
0.82907
0.58349
0.744028
0.709585
0.720884
0.943631
0.738604
0.753949
1.34679
1.08413
0.904269
1.30148
1.02922
0.516738
0.96729
1.39096
1.48918
0.769274
1.25272
1.03982
0.96223
0.759725
0.76997
1.67659
1.15769
0.795062
0.711645
1.13601
1.03809
0.534446
1.06887
0.898058
0.880235
1.12868
1.20706
1.04583
0.43099
1.0992
0.844644
0.898389
0.838338
1.36951
0.854147
0.988658
0.919846
1.257
0.952477
1.0257
0.471906
0.861793
0.780402
0.809768
0.807609
0.662691
0.991303
0.954147
1.26161
0.472875
0.932015
1.16414
1.45074
0.562769
0.558388
1.13166
0.852174
0.953986
0.731444
0.484113
0.913069
0.971123
0.661092
1.07111
0.779047
0.812597
1.05
0.9792
1.04674
0.825634
0.990183
0.745979
0.765432
1.08542
0.714939
0.527159
0.857886
1.17159
1.78649
1.60922
1.52269
0.999236
0.751519
1.29561
0.721133
1.13157
0.771777
1.35263
1.7821
1.37216
0.987253
0.828056
0.718591
0.977881
1.21069
1.29959
0.666386
0.69255
1.40559
1.15888
1.34166
0.60802
0.679028
1.0597
0.782894
1.33823
0.999475
1.403
1.08551
0.787482
1.16624
1.33029
0.560274
0.836475
1.34532
0.77753
1.27164
0.906493
0.811333
0.384225
0.966855
1.34061
0.787592
0.996209
0.817953
0.93182
0.751542
0.676749
1.32627
0.986287
1.77765
1.05667
1.04586
0.874476
0.816255
0.682314
1.13128
0.874353
1.16371
0.795366
0.762478
1.21293
1.25717
1.09709
1.00971
0.947285
0.753337
1.23555
0.977098
0.81796
0.863585
0.490868
1.84578
0.764751
0.75822
0.753488
0.780398
1.42012
0.979681
1.00409
0.968638
1.70192
1.12796
1.31212
1.10904
0.705988
1.07896
1.22342
1.16952
0.988168
1.05233
1.24071
1.45676
1.28243
2.07485
0.790948
0.755041
1.0719
1.04061
0.588588
1.03487
0.932827
0.775817
0.847194
1.19621
0.762339
1.40702
1.0737
1.16506
1.0443
1.12491
1.70772
1.06074
1.14255
1.01477
0.789509
0.886681
1.01976
1.12851
0.783578
1.12661
1.54181
0.869915
1.20478
0.68501
1.00438
0.974681
0.957574
1.15
0.487486
1.24187
0.940232
1.22245
0.856838
0.769063
1.19872
1.30032
1.06163
0.904543
0.62582
1.01987
1.02796
1.09568
0.886429
0.909616
1.34513
0.783607
1.4157
1.50736
0.950803
1.17459
1.33898
0.949287
1.46173
1.06442
1.41816
0.882279
1.15072
1.1894
1.0396
0.96649
0.546824
1.13746
0.840974
0.696379
1.33947
1.34687
1.1808
0.907951
0.874366
1.24621
0.697464
1.47489
1.20675
1.10243
0.613955
0.750725
1.07767
1.27327
0.968186
1.24752
1.21894
0.870983
0.873571
0.945057
1.19336
0.762595
0.63555
0.820307
1.10057
0.689298
1.093
1.36438
0.821451
1.04385
1.33949
0.708288
0.949169
0.840314
1.05113
0.780967
1.73736
0.691472
1.42248
1.13695
1.19484
0.969974
1.10687
1.01118
1.18361
1.59942
0.680792
0.950354
1.41435
0.715185
0.648898
0.831425
0.716898
1.44641
0.968476
0.760766
1.10359
0.646069
0.803541
1.01849
1.01668
1.14762
0.823115
1.10107
0.9117
0.776937
0.471316
0.815966
1.34655
0.897365
1.26726
0.795087
1.2741
1.25757
0.917811
0.50203
1.31292
0.949198
0.583678
1.06778
0.785886
0.875616
1.80382
0.69746
1.15209
1.36488
0.854731
0.628979
1.15428
0.999911
0.871862
1.12123
1.0497
1.07798
0.747364
0.993461
1.34444
0.860524
1.43384
1.68542
0.945765
1.04109
0.994099
0.820185
0.969837
1.14006
0.918084
0.850832
1.28375
0.989116
1.03859
0.887848
0.671868
0.734291
0.491914
0.961099
1.45962
0.887618
1.29827
1.65328
0.785776
1.06971
0.743008
1.08711
0.74115
1.06724
0.936537
0.853474
0.990883
1.3458
1.02929
0.935409
1.22173
1.05024
1.05406
0.788339
1.10433
0.927225
0.90537
0.762818
0.553495
0.704704
0.666539
0.74998
1.13161
1.1468
1.21395
0.950869
0.940194
0.69904
0.926412
1.14148
0.968928
1.20388
1.6319
0.85335
0.93406
1.31308
0.879947
1.70498
0.956804
0.909043
0.901769
1.17842
1.04985
0.604426
0.732136
1.22735
1.17933
0.935015
1.02054
1.00602
0.721967
1.14968
0.922223
2.12348
1.28999
1.06868
0.858899
0.574508
1.27895
0.88697
1.00163
1.09812
0.791781
0.822652
0.568589
1.39628
0.467302
1.67433
0.843066
0.435131
0.568979
0.961138
0.872822
0.881397
0.923011
0.732859
1.05003
0.896667
1.0869
1.15661
0.748591
0.685521
1.25293
1.03314
0.821439
0.955733
0.907702
0.699341
1.02241
1.02338
0.709175
1.24622
0.828137
1.52544
0.846085
0.955486
0.903819
0.852292
0.903652
0.714241
0.685063
0.727394
0.879979
1.05926
0.693379
1.35305
0.854222
0.920585
1.13576
1.0775
1.2546
1.02049
0.742172
0.833609
0.93611
0.749951
1.47132
0.830128
1.10299
1.01474
0.976199
0.991463
1.05301
1.60002
1.06049
1.54301
1.08348
1.80236
0.957804
1.65869
1.14087
1.17611
0.606358
0.926549
1.16726
1.34212
1.0834
0.892926
0.956071
0.855196
0.696338
0.720961
0.79278
0.907401
1.04944
0.626559
0.835344
0.738154
0.670212
1.27714
0.521071
1.65959
1.52285
0.858646
0.887029
0.802501
1.07644
1.24912
1.06422
1.03167
1.01081
0.673776
1.23738
1.1104
1.39492
1.16698
2.00754
1.18311
0.850784
1.1945
1.11097
0.525189
0.875205
1.97669
1.0532
1.13041
1.0338
1.32355
0.577039
1.1682
1.66773
1.45121
0.669163
0.861582
1.20382
1.06156
0.612839
1.57188
1.3141
1.20127
0.78806
1.17688
1.18758
1.04089
2.31566
1.35047
1.42652
1.11173
0.740035
1.38761
1.01187
0.975072
1.12234
1.1402
0.808322
1.16433
1.27239
1.08478
0.99665
0.965687
0.7145
0.880389
1.38783
1.6793
1.05615
1.0846
0.994337
0.872
1.22613
0.92536
0.757893
0.583073
0.76742
0.87661
1.25702
1.47848
0.921932
0.777695
1.18032
0.741617
0.535774
0.978813
1.49005
1.15431
0.696102
0.8629
0.712728
1.11145
0.680021
0.953601
0.919291
1.30662
1.19332
0.780965
0.473118
0.549997
0.947991
0.795175
1.09643
0.534964
1.57107
0.955293
0.621669
0.944795
0.715563
1.26523
0.764908
0.832363
1.02343
0.620089
0.868805
0.609849
0.710986
0.766788
1.19957
1.39195
1.04432
0.82172
0.629082
1.41411
0.989837
1.48106
0.668718
0.491222
0.789577
0.801474
0.87976
1.05272
0.906514
0.995498
1.69059
0.956129
0.62622
0.669121
0.830718
0.715518
0.815738
0.799333
1.11431
0.995636
0.684085
0.921533
1.13916
0.697459
1.69864
1.42872
0.722366
1.86526
0.95857
0.795255
1.46413
0.781287
0.982482
0.917766
0.959839
0.651471
0.48379
1.08144
1.53888
1.29979
1.55088
0.812682
1.38888
1.08152
1.12748
0.526463
0.953137
0.876487
1.01777
1.19398
0.852918
1.32544
0.866432
0.905703
0.635575
1.27636
0.767802
0.810228
0.956512
1.4254
1.42849
1.04467
0.84072
1.04829
1.42657
0.752366
1.41516
1.32966
1.02552
1.00053
0.656863
0.915883
0.973476
0.709265
0.92912
1.2074
1.03719
2.25293
1.37245
1.1381
1.19785
1.0954
0.766887
1.21852
1.49696
1.37858
1.4141
0.938815
0.783719
0.816869
0.820822
0.743556
0.883866
1.43814
0.690358
1.00003
1.05249
0.816667
0.737616
0.881158
0.98581
0.895127
0.921663
1.46408
1.31799
0.811479
0.545068
0.885983
0.889493
1.01793
0.716688
1.4072
1.67517
0.986322
0.858534
1.1604
0.981432
1.02709
1.05425
1.1028
0.874243
1.01089
1.13054
0.701735
0.745847
1.39891
0.727872
1.37952
1.31955
1.12394
0.848168
1.49835
0.830627
2.12488
0.67037
1.57406
1.06795
1.26604
1.07867
1.4899
1.45443
0.539351
0.702874
1.36144
1.3033
1.21323
1.14996
1.31592
1.26781
0.68002
1.0308
1.32773
0.8814
0.876535
1.06117
0.644807
1.14153
0.886982
1.54166
1.13112
0.680815
0.888974
1.32658
0.875397
1.7392
1.78792
1.21127
1.15608
0.882414
0.563277
0.64908
0.769768
0.723426
1.14211
1.25167
1.3177
1.23056
1.22933
0.94766
0.603458
0.534705
1.36027
1.03475
1.12514
0.714216
0.711396
0.893008
0.928533
1.37859
1.16845
0.920796
0.770165
1.11812
1.12204
1.00919
0.846821
1.16396
0.974749
0.70648
0.859619
1.2964
0.975702
0.640586
0.704007
0.866334
0.63572
1.72862
1.27729
0.57635
0.996361
1.06016
0.794839
0.852499
1.00848
1.04938
0.658527
1.2398
0.802762
0.412136
0.938614
1.02549
0.659799
0.974088
0.628806
1.48447
0.535539
1.13449
1.04231
0.610426
0.731758
1.09749
0.848275
1.17455
1.08482
0.711939
0.631071
0.807564
0.912646
0.921198
1.11045
0.986212
0.668085
1.24165
1.41797
0.763398
0.792644
0.889865
0.762198
0.979901
1.48087
1.57202
0.903193
0.602413
0.61927
1.25665
1.1612
1.01488
1.09929
0.994908
1.52447
0.859267
1.37771
0.720872
0.758259
0.691194
1.01428
0.755237
0.496551
1.169
0.988412
1.16117
0.785485
1.06309
0.491841
0.921931
1.05001
1.10361
0.597711
1.06988
0.820509
1.1811
0.679684
0.91587
1.23215
0.743486
0.838045
1.16265
0.997246
1.09863
0.614294
1.07908
0.513687
0.599454
1.73468
1.233
0.876398
1.06025
1.28014
1.20028
0.845012
0.512774
0.815828
0.668018
1.02047
1.31081
1.19123
1.25548
1.36943
1.04822
1.1665
0.588441
0.904875
1.00683
0.537297
0.624049
1.05624
0.77011
1.12478
1.04547
1.32358
0.856426
0.877788
1.4814
0.785314
0.941127
0.600343
0.805834
1.11166
0.821455
0.931711
1.01677
0.614875
0.672797
0.61183
1.39126
0.771334
0.659583
0.878352
1.19556
0.8192
1.02741
0.899055
1.39244
1.01308
0.880254
0.509662
0.761598
0.908545
1.06291
0.970842
0.999461
1.23103
0.679135
0.98062
0.755993
0.751111
0.931738
0.955444
1.15026
0.70701
1.0356
1.01826
0.481262
1.81809
0.734662
1.05434
0.716117
0.939152
0.983309
0.720447
0.878612
1.09747
0.812148
0.734342
1.39687
0.774938
0.704515
1.09484
0.679916
1.06673
0.854285
0.450988
0.835827
0.70752
1.10867
0.679307
0.752921
0.922077
1.37614
1.16451
1.83231
0.67434
0.807216
1.40989
0.616474
0.866143
0.617118
1.53163
0.573805
1.23455
0.840077
1.10242
0.785094
0.592036
0.986665
1.12734
0.770832
0.708358
0.746041
0.647911
0.52053
1.0099
1.44589
0.617162
1.31055
1.23527
1.22965
0.596216
0.980859
1.24679
0.846178
1.30706
0.974784
1.1132
0.615728
0.789185
0.855035
0.795325
0.704012
1.52907
0.742852
0.788331
0.802394
0.973633
0.96209
1.011
1.42718
0.647847
0.971758
0.761268
1.32576
1.22213
0.697421
0.882242
1.05396
0.918763
1.01038
1.50157
1.1952
0.609034
1.60225
1.02199
1.20279
0.771184
0.846914
1.11941
1.92986
1.20829
1.24295
0.961484
0.594755
1.44969
0.583981
0.903665
0.697077
1.07483
0.562603
0.956868
1.01625
0.785038
1.0274
1.23751
0.760165
0.969928
1.09917
0.726487
1.09316
0.601755
0.759811
0.83414
1.10851
1.32239
0.911061
0.914378
1.18707
1.17169
0.567637
0.878061
0.598028
1.18432
0.824789
1.24782
1.01369
